        0.00      0.0000      0.0000      0.2945      0.2688       0.000       0.001       0.002       0.017       0.000       0.011      65.977        0.02       3269.    0.4744  
        0.13      0.0340      0.0367      0.2918      0.2706       0.000       0.001       0.002       0.017       0.000       0.011      64.945        0.02       3274.    0.4648  
        0.26      0.0680      0.0721      0.2889      0.2722       0.000       0.001       0.002       0.017       0.000       0.010      63.897        0.02       3280.    0.4550  
        0.39      0.1020      0.1064      0.2856      0.2737       0.000       0.001       0.002       0.017       0.000       0.010      62.838        0.02       3287.    0.4450  
        0.52      0.1360      0.1395      0.2820      0.2749       0.000       0.001       0.002       0.017       0.000       0.010      61.771        0.02       3293.    0.4346  
        0.64      0.1700      0.1713      0.2779      0.2757       0.000       0.001       0.002       0.017       0.000       0.010      60.699        0.02       3301.    0.4240  
        0.77      0.2040      0.2019      0.2734      0.2761       0.000       0.001       0.002       0.017       0.000       0.010      59.625        0.02       3309.    0.4131  
        0.90      0.2379      0.2314      0.2683      0.2760       0.000       0.001       0.002       0.017       0.000       0.010      58.551        0.02       3317.    0.4019  
        1.03      0.2719      0.2596      0.2627      0.2752       0.000       0.001       0.002       0.017       0.000       0.010      57.478        0.02       3326.    0.3903  
        1.16      0.3059      0.2865      0.2563      0.2737       0.000       0.001       0.002       0.017       0.000       0.009      56.400        0.02       3335.    0.3783  
        1.29      0.3399      0.3122      0.2494      0.2715       0.000       0.001       0.002       0.017       0.000       0.009      55.310        0.02       3345.    0.3660  
        1.42      0.3739      0.3365      0.2418      0.2686       0.000       0.001       0.002       0.017       0.000       0.009      54.198        0.02       3356.    0.3531  
        1.55      0.4079      0.3593      0.2336      0.2651       0.000       0.001       0.002       0.016       0.000       0.008      53.051        0.02       3367.    0.3397  
        1.67      0.4419      0.3805      0.2248      0.2611       0.000       0.001       0.002       0.016       0.000       0.008      51.853        0.02       3378.    0.3258  
        1.80      0.4759      0.3998      0.2155      0.2565       0.000       0.001       0.002       0.016       0.000       0.008      50.589        0.02       3390.    0.3112  
        1.93      0.5099      0.4170      0.2057      0.2515       0.000       0.001       0.002       0.015       0.000       0.007      49.244        0.02       3402.    0.2959  
        2.06      0.5439      0.4317      0.1953      0.2461       0.000       0.001       0.002       0.015       0.000       0.007      47.801        0.02       3415.    0.2799  
        2.19      0.5779      0.4438      0.1845      0.2403       0.000       0.001       0.002       0.015       0.000       0.007      46.244        0.02       3428.    0.2632  
        2.32      0.6119      0.4527      0.1732      0.2341       0.000       0.001       0.001       0.014       0.000       0.006      44.553        0.02       3442.    0.2457  
        2.45      0.6459      0.4581      0.1615      0.2277       0.000       0.001       0.001       0.014       0.000       0.006      42.709        0.02       3456.    0.2274  
        2.58      0.6798      0.4594      0.1493      0.2210       0.000       0.001       0.001       0.014       0.000       0.005      40.693        0.02       3471.    0.2084  
        2.70      0.7138      0.4561      0.1368      0.2140       0.000       0.001       0.001       0.013       0.000       0.005      38.481        0.02       3486.    0.1886  
        2.83      0.7478      0.4477      0.1238      0.2069       0.000       0.001       0.001       0.013       0.000       0.004      36.048        0.02       3501.    0.1681  
        2.96      0.7818      0.4332      0.1105      0.1995       0.000       0.001       0.001       0.012       0.000       0.004      33.368        0.02       3517.    0.1470  
        3.09      0.8158      0.4120      0.0969      0.1919       0.000       0.001       0.001       0.012       0.000       0.004      30.410        0.02       3533.    0.1254  
        3.22      0.8498      0.3830      0.0830      0.1842       0.000       0.001       0.001       0.011       0.000       0.003      27.141        0.02       3549.    0.1036  
        3.35      0.8838      0.3453      0.0689      0.1763       0.000       0.001       0.001       0.011       0.000       0.002      23.526        0.02       3566.    0.0818  
        3.48      0.9178      0.2976      0.0546      0.1683       0.000       0.001       0.000       0.010       0.000       0.002      19.527        0.02       3583.    0.0604  
        3.61      0.9518      0.2387      0.0402      0.1601       0.000       0.001       0.000       0.010       0.000       0.001      15.104        0.02       3601.    0.0401  
        3.73      0.9858      0.1671      0.0257      0.1519       0.000       0.001       0.000       0.009       0.000       0.001      10.209        0.02       3619.    0.0217  