  0.00      0.0000      0.0000      0.2974      0.2423       0.000       0.005       0.010       0.119       0.001       0.043      36.960        0.03       6537.    0.5341  
        0.27      0.0362      0.0436      0.2946      0.2445       0.000       0.005       0.010       0.120       0.001       0.043      36.280        0.03       6549.    0.5218  
        0.55      0.0723      0.0855      0.2915      0.2466       0.000       0.005       0.010       0.121       0.001       0.042      35.594        0.03       6562.    0.5093  
        0.82      0.1085      0.1257      0.2881      0.2485       0.000       0.005       0.009       0.122       0.001       0.042      34.903        0.03       6576.    0.4964  
        1.10      0.1446      0.1643      0.2842      0.2501       0.000       0.005       0.009       0.123       0.001       0.041      34.211        0.03       6590.    0.4833  
        1.37      0.1808      0.2013      0.2798      0.2513       0.000       0.005       0.009       0.124       0.001       0.041      33.521        0.03       6606.    0.4699  
        1.64      0.2169      0.2366      0.2748      0.2520       0.000       0.005       0.009       0.124       0.001       0.040      32.835        0.03       6624.    0.4561  
        1.92      0.2531      0.2703      0.2692      0.2521       0.000       0.005       0.009       0.124       0.001       0.039      32.155        0.03       6642.    0.4421  
        2.19      0.2893      0.3024      0.2629      0.2514       0.000       0.005       0.009       0.124       0.001       0.038      31.482        0.03       6661.    0.4277  
        2.47      0.3254      0.3330      0.2558      0.2499       0.000       0.005       0.008       0.123       0.001       0.037      30.813        0.03       6682.    0.4129  
        2.74      0.3616      0.3620      0.2479      0.2477       0.000       0.005       0.008       0.122       0.001       0.036      30.144        0.03       6704.    0.3977  
        3.01      0.3977      0.3892      0.2394      0.2446       0.000       0.005       0.008       0.120       0.001       0.035      29.467        0.03       6727.    0.3821  
        3.29      0.4339      0.4147      0.2303      0.2409       0.000       0.005       0.008       0.118       0.001       0.033      28.776        0.03       6751.    0.3659  
        3.56      0.4700      0.4381      0.2205      0.2366       0.000       0.005       0.007       0.116       0.001       0.032      28.061        0.03       6776.    0.3492  
        3.83      0.5062      0.4592      0.2101      0.2316       0.000       0.005       0.007       0.114       0.001       0.030      27.315        0.03       6802.    0.3318  
        4.11      0.5423      0.4778      0.1992      0.2261       0.000       0.005       0.007       0.111       0.001       0.029      26.527        0.03       6829.    0.3137  
        4.38      0.5785      0.4935      0.1877      0.2201       0.000       0.005       0.006       0.108       0.001       0.027      25.687        0.03       6857.    0.2949  
        4.66      0.6147      0.5060      0.1758      0.2136       0.000       0.004       0.006       0.105       0.001       0.026      24.785        0.03       6886.    0.2754  
        4.93      0.6508      0.5146      0.1634      0.2067       0.000       0.004       0.005       0.102       0.000       0.024      23.809        0.03       6917.    0.2551  
        5.20      0.6870      0.5190      0.1506      0.1993       0.000       0.004       0.005       0.098       0.000       0.022      22.746        0.03       6948.    0.2339  
        5.48      0.7231      0.5183      0.1373      0.1916       0.000       0.004       0.004       0.094       0.000       0.020      21.579        0.03       6980.    0.2119  
        5.75      0.7593      0.5117      0.1237      0.1835       0.000       0.004       0.004       0.090       0.000       0.018      20.291        0.03       7012.    0.1891  
        6.03      0.7954      0.4983      0.1097      0.1751       0.000       0.004       0.004       0.086       0.000       0.016      18.862        0.03       7046.    0.1655  
        6.30      0.8316      0.4768      0.0954      0.1664       0.000       0.003       0.003       0.082       0.000       0.014      17.265        0.03       7081.    0.1413  
        6.57      0.8678      0.4459      0.0808      0.1573       0.000       0.003       0.003       0.077       0.000       0.012      15.471        0.03       7116.    0.1166  
        6.85      0.9039      0.4036      0.0661      0.1480       0.000       0.003       0.002       0.073       0.000       0.010      13.445        0.03       7153.    0.0916  
        7.12      0.9401      0.3479      0.0512      0.1384       0.000       0.003       0.002       0.068       0.000       0.007      11.144        0.03       7190.    0.0668  
        7.40      0.9762      0.2760      0.0364      0.1287       0.000       0.003       0.001       0.063       0.000       0.005       8.513        0.03       7228.    0.0430  
        7.67      1.0124      0.1841      0.0216      0.1188       0.000       0.002       0.001       0.058       0.000       0.003       5.477        0.03       7266.    0.0213  
        7.94      1.0485      0.0668      0.0069      0.1087       0.000       0.002       0.000       0.053       0.000       0.001       1.917        0.03       7305.    0.0042  
