   0.00      0.0000      0.0000      0.1496      0.1380       0.001       0.047       0.046       1.113       0.005       0.204      18.651        0.06      13077.    0.3345
        0.79      0.0598      0.0643      0.1492      0.1388       0.002       0.047       0.046       1.120       0.005       0.203      18.498        0.06      13101.    0.3313
        1.59      0.1197      0.1273      0.1489      0.1399       0.002       0.048       0.046       1.129       0.005       0.203      18.311        0.06      13130.    0.3277
        2.38      0.1795      0.1887      0.1488      0.1415       0.002       0.048       0.046       1.142       0.005       0.203      18.086        0.06      13163.    0.3235
        3.17      0.2393      0.2479      0.1487      0.1436       0.002       0.049       0.046       1.158       0.006       0.202      17.820        0.06      13203.    0.3187
        3.97      0.2991      0.3045      0.1488      0.1462       0.002       0.050       0.046       1.179       0.006       0.203      17.512        0.06      13249.    0.3132
        4.76      0.3590      0.3580      0.1489      0.1493       0.002       0.051       0.046       1.204       0.006       0.203      17.162        0.06      13302.    0.3071
        5.55      0.4188      0.4083      0.1490      0.1529       0.002       0.052       0.046       1.234       0.006       0.203      16.773        0.06      13361.    0.3003
        6.35      0.4786      0.4548      0.1492      0.1570       0.002       0.054       0.046       1.267       0.006       0.203      16.350        0.06      13427.    0.2929
        7.14      0.5384      0.4975      0.1493      0.1615       0.002       0.055       0.046       1.303       0.006       0.203      15.897        0.06      13500.    0.2848
        7.93      0.5983      0.5363      0.1491      0.1664       0.002       0.057       0.046       1.342       0.006       0.203      15.422        0.06      13580.    0.2762
        8.72      0.6581      0.5711      0.1487      0.1714       0.002       0.058       0.046       1.383       0.007       0.202      14.932        0.06      13667.    0.2670
        9.52      0.7179      0.6023      0.1479      0.1763       0.002       0.060       0.045       1.422       0.007       0.201      14.435        0.06      13761.    0.2574
       10.31      0.7777      0.6300      0.1465      0.1809       0.002       0.062       0.045       1.459       0.007       0.199      13.936        0.06      13863.    0.2474
       11.10      0.8376      0.6545      0.1444      0.1848       0.002       0.063       0.044       1.491       0.007       0.197      13.444        0.06      13971.    0.2369
       11.90      0.8974      0.6762      0.1413      0.1876       0.002       0.064       0.043       1.513       0.007       0.192      12.964        0.06      14086.    0.2260
       12.69      0.9572      0.6955      0.1371      0.1887       0.002       0.064       0.042       1.522       0.007       0.187      12.501        0.06      14208.    0.2146
       13.48      1.0170      0.7128      0.1315      0.1876       0.002       0.064       0.040       1.514       0.007       0.179      12.059        0.06      14337.    0.2028
       14.28      1.0769      0.7283      0.1245      0.1841       0.002       0.063       0.038       1.486       0.007       0.170      11.636        0.06      14473.    0.1904
       15.07      1.1367      0.7415      0.1163      0.1783       0.002       0.061       0.036       1.438       0.007       0.158      11.224        0.06      14615.    0.1775
       15.86      1.1965      0.7516      0.1070      0.1703       0.002       0.058       0.033       1.374       0.007       0.146      10.808        0.06      14763.    0.1640
       16.66      1.2564      0.7574      0.0968      0.1606       0.002       0.055       0.030       1.296       0.006       0.132      10.373        0.06      14916.    0.1497
       17.45      1.3162      0.7572      0.0859      0.1494       0.002       0.051       0.026       1.205       0.006       0.117       9.898        0.06      15075.    0.1346
       18.24      1.3760      0.7486      0.0745      0.1370       0.001       0.047       0.023       1.105       0.005       0.101       9.361        0.06      15238.    0.1185
       19.04      1.4358      0.7285      0.0627      0.1235       0.001       0.042       0.019       0.996       0.005       0.085       8.730        0.06      15407.    0.1013
       19.83      1.4957      0.6918      0.0505      0.1092       0.001       0.037       0.015       0.881       0.004       0.069       7.958        0.06      15580.    0.0829
       20.62      1.5555      0.6297      0.0381      0.0941       0.001       0.032       0.012       0.759       0.004       0.052       6.966        0.06      15758.    0.0630
       21.42      1.6153      0.5269      0.0256      0.0784       0.001       0.027       0.008       0.633       0.003       0.035       5.612        0.06      15940.    0.0416
       22.21      1.6751      0.3514      0.0131      0.0623       0.001       0.021       0.004       0.503       0.002       0.018       3.609        0.06      16127.    0.0191
       23.00      1.7350      0.0262      0.0007      0.0460       0.000       0.016       0.000       0.371       0.002       0.001       0.260        0.06      16317.    0.0003
