 0.00      0.0000      0.0000      0.2987      0.2304       0.001       0.011       0.022       0.382       0.001       0.098      26.024        0.05       9806.    0.5653  
        0.42      0.0368      0.0467      0.2959      0.2328       0.001       0.011       0.022       0.386       0.001       0.097      25.513        0.05       9824.    0.5517  
        0.84      0.0736      0.0916      0.2928      0.2351       0.001       0.011       0.021       0.390       0.001       0.096      24.998        0.05       9843.    0.5377  
        1.25      0.1103      0.1346      0.2893      0.2372       0.001       0.011       0.021       0.394       0.001       0.094      24.480        0.05       9865.    0.5234  
        1.67      0.1471      0.1756      0.2854      0.2390       0.001       0.011       0.021       0.397       0.001       0.093      23.964        0.05       9887.    0.5088  
        2.09      0.1839      0.2149      0.2809      0.2404       0.001       0.011       0.021       0.399       0.001       0.092      23.451        0.05       9912.    0.4940  
        2.51      0.2207      0.2522      0.2758      0.2413       0.001       0.011       0.020       0.400       0.001       0.090      22.943        0.05       9938.    0.4789  
        2.93      0.2575      0.2879      0.2700      0.2415       0.001       0.011       0.020       0.401       0.001       0.088      22.442        0.05       9966.    0.4635  
        3.34      0.2943      0.3217      0.2634      0.2409       0.001       0.011       0.019       0.400       0.001       0.086      21.949        0.05       9996.    0.4478  
        3.76      0.3310      0.3539      0.2561      0.2396       0.001       0.011       0.019       0.397       0.001       0.084      21.461        0.05      10028.    0.4317  
        4.18      0.3678      0.3844      0.2480      0.2374       0.001       0.011       0.018       0.394       0.001       0.081      20.977        0.05      10062.    0.4153  
        4.60      0.4046      0.4130      0.2393      0.2344       0.001       0.011       0.018       0.389       0.001       0.078      20.491        0.05      10097.    0.3984  
        5.02      0.4414      0.4397      0.2298      0.2307       0.001       0.011       0.017       0.383       0.001       0.075      19.998        0.05      10134.    0.3810  
        5.43      0.4782      0.4643      0.2197      0.2263       0.001       0.011       0.016       0.375       0.001       0.072      19.493        0.05      10172.    0.3632  
        5.85      0.5149      0.4866      0.2090      0.2212       0.000       0.010       0.015       0.367       0.001       0.068      18.969        0.05      10213.    0.3447  
        6.27      0.5517      0.5063      0.1978      0.2156       0.000       0.010       0.015       0.358       0.001       0.065      18.420        0.05      10255.    0.3257  
        6.69      0.5885      0.5230      0.1861      0.2094       0.000       0.010       0.014       0.347       0.001       0.061      17.840        0.05      10298.    0.3059  
        7.11      0.6253      0.5364      0.1739      0.2027       0.000       0.009       0.013       0.336       0.001       0.057      17.221        0.05      10343.    0.2854  
        7.52      0.6621      0.5460      0.1612      0.1955       0.000       0.009       0.012       0.324       0.001       0.053      16.553        0.05      10389.    0.2642  
        7.94      0.6988      0.5510      0.1481      0.1878       0.000       0.009       0.011       0.312       0.001       0.048      15.828        0.05      10437.    0.2421  
        8.36      0.7356      0.5509      0.1345      0.1796       0.000       0.008       0.010       0.298       0.001       0.044      15.033        0.05      10486.    0.2192  
        8.78      0.7724      0.5447      0.1206      0.1711       0.000       0.008       0.009       0.284       0.001       0.039      14.155        0.05      10537.    0.1954  
        9.20      0.8092      0.5311      0.1064      0.1621       0.000       0.008       0.008       0.269       0.001       0.035      13.176        0.05      10589.    0.1708  
        9.61      0.8460      0.5089      0.0919      0.1528       0.000       0.007       0.007       0.253       0.001       0.030      12.076        0.05      10642.    0.1455  
       10.03      0.8828      0.4762      0.0772      0.1431       0.000       0.007       0.006       0.237       0.001       0.025      10.828        0.05      10697.    0.1196  
       10.45      0.9195      0.4306      0.0623      0.1331       0.000       0.006       0.005       0.221       0.001       0.020       9.401        0.05      10753.    0.0933  
       10.87      0.9563      0.3693      0.0474      0.1228       0.000       0.006       0.003       0.204       0.001       0.015       7.751        0.05      10810.    0.0671  
       11.29      0.9931      0.2880      0.0326      0.1124       0.000       0.005       0.002       0.186       0.001       0.011       5.821        0.05      10868.    0.0418  
       11.70      1.0299      0.1807      0.0178      0.1017       0.000       0.005       0.001       0.169       0.001       0.006       3.523        0.05      10927.    0.0187  
       12.12      1.0667      0.0374      0.0032      0.0908       0.000       0.004       0.000       0.151       0.000       0.001       0.703        0.05      10986.    0.0016  
