0.00      0.0000      0.0000      0.1499      0.1336       0.005       0.102       0.103       3.637       0.012       0.459      12.876        0.08      19616.    0.3468
        1.20      0.0602      0.0670      0.1496      0.1344       0.005       0.103       0.103       3.659       0.012       0.458      12.769        0.08      19652.    0.3435
        2.39      0.1204      0.1327      0.1493      0.1356       0.005       0.104       0.103       3.691       0.012       0.457      12.638        0.08      19695.    0.3397
        3.59      0.1806      0.1965      0.1492      0.1372       0.005       0.105       0.103       3.735       0.012       0.457      12.478        0.08      19746.    0.3353
        4.79      0.2408      0.2580      0.1492      0.1393       0.005       0.107       0.103       3.793       0.012       0.457      12.289        0.08      19806.    0.3302
        5.99      0.3011      0.3168      0.1493      0.1419       0.005       0.109       0.103       3.864       0.012       0.457      12.069        0.08      19876.    0.3244
        7.18      0.3613      0.3722      0.1495      0.1451       0.005       0.111       0.103       3.951       0.013       0.458      11.819        0.08      19955.    0.3179
        8.38      0.4215      0.4241      0.1497      0.1488       0.005       0.114       0.103       4.052       0.013       0.459      11.541        0.08      20045.    0.3106
        9.58      0.4817      0.4719      0.1499      0.1530       0.006       0.117       0.103       4.166       0.013       0.459      11.238        0.08      20145.    0.3027
       10.78      0.5419      0.5157      0.1500      0.1576       0.006       0.121       0.103       4.292       0.014       0.459      10.915        0.08      20256.    0.2941
       11.97      0.6021      0.5552      0.1499      0.1626       0.006       0.125       0.103       4.427       0.014       0.459      10.577        0.08      20378.    0.2849
       13.17      0.6623      0.5907      0.1495      0.1677       0.006       0.129       0.103       4.566       0.015       0.458      10.229        0.09      20510.    0.2752
       14.37      0.7225      0.6222      0.1487      0.1727       0.006       0.132       0.102       4.702       0.015       0.455       9.877        0.09      20653.    0.2649
       15.57      0.7827      0.6500      0.1473      0.1774       0.006       0.136       0.101       4.830       0.015       0.451       9.525        0.09      20807.    0.2543
       16.76      0.8430      0.6746      0.1451      0.1813       0.007       0.139       0.100       4.938       0.016       0.444       9.179        0.09      20972.    0.2432
       17.96      0.9032      0.6962      0.1419      0.1841       0.007       0.141       0.098       5.014       0.016       0.435       8.842        0.09      21147.    0.2317
       19.16      0.9634      0.7155      0.1376      0.1852       0.007       0.142       0.095       5.044       0.016       0.421       8.519        0.09      21332.    0.2198
       20.36      1.0236      0.7329      0.1318      0.1841       0.007       0.141       0.091       5.013       0.016       0.404       8.213        0.09      21528.    0.2074
       21.55      1.0838      0.7485      0.1246      0.1805       0.007       0.138       0.086       4.914       0.016       0.382       7.922        0.09      21734.    0.1945
       22.75      1.1440      0.7620      0.1162      0.1744       0.006       0.134       0.080       4.750       0.015       0.356       7.640        0.09      21949.    0.1812
       23.95      1.2042      0.7726      0.1067      0.1663       0.006       0.128       0.073       4.528       0.014       0.327       7.360        0.09      22173.    0.1672
       25.15      1.2644      0.7792      0.0964      0.1563       0.006       0.120       0.066       4.257       0.014       0.295       7.069        0.09      22406.    0.1526
       26.34      1.3247      0.7803      0.0853      0.1449       0.005       0.111       0.059       3.945       0.013       0.261       6.757        0.09      22646.    0.1373
       27.54      1.3849      0.7736      0.0738      0.1322       0.005       0.101       0.051       3.599       0.011       0.226       6.407        0.09      22895.    0.1211
       28.74      1.4451      0.7560      0.0619      0.1183       0.004       0.091       0.043       3.223       0.010       0.190       6.000        0.09      23150.    0.1039
       29.93      1.5053      0.7222      0.0497      0.1036       0.004       0.079       0.034       2.821       0.009       0.152       5.503        0.09      23413.    0.0854
       31.13      1.5655      0.6634      0.0373      0.0881       0.003       0.068       0.026       2.399       0.008       0.114       4.861        0.09      23683.    0.0653
       32.33      1.6257      0.5621      0.0249      0.0720       0.003       0.055       0.017       1.960       0.006       0.076       3.966        0.09      23959.    0.0435
       33.53      1.6859      0.3801      0.0125      0.0554       0.002       0.043       0.009       1.509       0.005       0.038       2.586        0.09      24241.    0.0201
       34.72      1.7461      0.0123      0.0003      0.0386       0.001       0.030       0.000       1.050       0.003       0.001       0.081        0.10      24530.    0.0001
