  0.00      0.0000      0.0000      0.2995      0.2233       0.001       0.019       0.039       0.878       0.002       0.174      20.194        0.06      13075.    0.5857  
        0.56      0.0371      0.0487      0.2967      0.2258       0.001       0.019       0.039       0.888       0.002       0.172      19.782        0.06      13099.    0.5711  
        1.12      0.0742      0.0954      0.2936      0.2283       0.001       0.019       0.038       0.898       0.002       0.170      19.366        0.06      13125.    0.5562  
        1.69      0.1112      0.1400      0.2901      0.2305       0.001       0.019       0.038       0.906       0.002       0.168      18.950        0.06      13153.    0.5410  
        2.25      0.1483      0.1826      0.2861      0.2324       0.001       0.019       0.037       0.914       0.002       0.166      18.536        0.06      13184.    0.5255  
        2.81      0.1854      0.2232      0.2816      0.2339       0.001       0.019       0.037       0.920       0.002       0.163      18.125        0.06      13217.    0.5098  
        3.37      0.2225      0.2618      0.2764      0.2349       0.001       0.020       0.036       0.924       0.002       0.161      17.720        0.06      13252.    0.4938  
        3.93      0.2595      0.2986      0.2706      0.2352       0.001       0.020       0.035       0.925       0.002       0.157      17.321        0.06      13290.    0.4775  
        4.49      0.2966      0.3336      0.2639      0.2347       0.001       0.020       0.034       0.923       0.002       0.153      16.929        0.06      13331.    0.4610  
        5.06      0.3337      0.3667      0.2565      0.2334       0.001       0.019       0.033       0.918       0.002       0.149      16.544        0.06      13374.    0.4441  
        5.62      0.3708      0.3981      0.2483      0.2313       0.001       0.019       0.032       0.910       0.002       0.144      16.163        0.06      13419.    0.4268  
        6.18      0.4079      0.4276      0.2394      0.2283       0.001       0.019       0.031       0.898       0.002       0.139      15.782        0.06      13467.    0.4092  
        6.74      0.4449      0.4551      0.2298      0.2247       0.001       0.019       0.030       0.883       0.002       0.133      15.399        0.06      13517.    0.3912  
        7.30      0.4820      0.4805      0.2196      0.2203       0.001       0.018       0.029       0.866       0.002       0.127      15.008        0.06      13569.    0.3727  
        7.86      0.5191      0.5036      0.2088      0.2152       0.001       0.018       0.027       0.846       0.002       0.121      14.605        0.06      13623.    0.3537  
        8.43      0.5562      0.5241      0.1974      0.2095       0.001       0.017       0.026       0.824       0.002       0.115      14.186        0.06      13680.    0.3340  
        8.99      0.5932      0.5416      0.1855      0.2032       0.001       0.017       0.024       0.799       0.002       0.108      13.745        0.06      13738.    0.3138  
        9.55      0.6303      0.5559      0.1732      0.1964       0.001       0.016       0.023       0.772       0.002       0.101      13.276        0.06      13799.    0.2928  
       10.11      0.6674      0.5663      0.1604      0.1890       0.001       0.016       0.021       0.743       0.002       0.093      12.774        0.06      13861.    0.2711  
       10.67      0.7045      0.5722      0.1471      0.1811       0.001       0.015       0.019       0.712       0.002       0.085      12.229        0.07      13926.    0.2486  
       11.24      0.7416      0.5730      0.1335      0.1728       0.001       0.014       0.017       0.679       0.002       0.078      11.633        0.07      13992.    0.2252  
       11.80      0.7786      0.5676      0.1195      0.1639       0.001       0.014       0.016       0.645       0.002       0.069      10.974        0.07      14061.    0.2011  
       12.36      0.8157      0.5548      0.1052      0.1547       0.001       0.013       0.014       0.608       0.001       0.061      10.239        0.07      14131.    0.1760  
       12.92      0.8528      0.5330      0.0906      0.1450       0.001       0.012       0.012       0.570       0.001       0.053       9.410        0.07      14203.    0.1501  
       13.48      0.8899      0.5003      0.0759      0.1349       0.001       0.011       0.010       0.531       0.001       0.044       8.464        0.07      14277.    0.1236  
       14.04      0.9269      0.4539      0.0610      0.1245       0.001       0.010       0.008       0.490       0.001       0.035       7.373        0.07      14352.    0.0965  
       14.61      0.9640      0.3903      0.0461      0.1139       0.001       0.009       0.006       0.448       0.001       0.027       6.096        0.07      14429.    0.0694  
       15.17      1.0011      0.3043      0.0313      0.1029       0.001       0.009       0.004       0.405       0.001       0.018       4.577        0.07      14508.    0.0429  
       15.73      1.0382      0.1878      0.0166      0.0918       0.000       0.008       0.002       0.361       0.001       0.010       2.724        0.07      14588.    0.0186  
       16.29      1.0753      0.0265      0.0020      0.0804       0.000       0.007       0.000       0.316       0.001       0.001       0.370        0.07      14665.    0.0009  
