 0.00      0.0000      0.0000      0.1502      0.1309       0.011       0.179       0.184       8.452       0.020       0.818       9.865        0.11      26154.    0.3545
        1.60      0.0604      0.0687      0.1498      0.1318       0.011       0.180       0.183       8.505       0.020       0.816       9.782        0.11      26202.    0.3512
        3.20      0.1209      0.1360      0.1496      0.1330       0.012       0.181       0.183       8.582       0.020       0.815       9.680        0.11      26260.    0.3473
        4.81      0.1813      0.2014      0.1495      0.1346       0.012       0.184       0.183       8.688       0.021       0.814       9.556        0.11      26329.    0.3427
        6.41      0.2417      0.2644      0.1495      0.1367       0.012       0.186       0.183       8.826       0.021       0.814       9.408        0.11      26410.    0.3374
        8.01      0.3022      0.3244      0.1497      0.1394       0.012       0.190       0.183       8.998       0.021       0.815       9.236        0.11      26503.    0.3314
        9.61      0.3626      0.3811      0.1499      0.1426       0.012       0.195       0.183       9.205       0.022       0.816       9.041        0.11      26610.    0.3246
       11.22      0.4230      0.4339      0.1501      0.1464       0.013       0.200       0.184       9.447       0.023       0.817       8.823        0.11      26730.    0.3171
       12.82      0.4835      0.4826      0.1503      0.1506       0.013       0.205       0.184       9.722       0.023       0.819       8.587        0.11      26865.    0.3088
       14.42      0.5439      0.5269      0.1505      0.1553       0.013       0.212       0.184      10.024       0.024       0.819       8.335        0.11      27013.    0.2999
       16.02      0.6043      0.5670      0.1504      0.1603       0.014       0.219       0.184      10.348       0.025       0.819       8.071        0.11      27176.    0.2903
       17.63      0.6648      0.6027      0.1500      0.1655       0.014       0.226       0.184      10.681       0.025       0.817       7.800        0.11      27354.    0.2802
       19.23      0.7252      0.6344      0.1492      0.1706       0.015       0.233       0.183      11.010       0.026       0.813       7.526        0.11      27546.    0.2696
       20.83      0.7856      0.6623      0.1478      0.1753       0.015       0.239       0.181      11.316       0.027       0.805       7.253        0.11      27753.    0.2586
       22.43      0.8461      0.6869      0.1456      0.1793       0.016       0.245       0.178      11.575       0.028       0.793       6.985        0.12      27974.    0.2472
       24.04      0.9065      0.7086      0.1424      0.1821       0.016       0.248       0.174      11.757       0.028       0.775       6.725        0.12      28209.    0.2353
       25.64      0.9669      0.7279      0.1379      0.1832       0.016       0.250       0.169      11.826       0.028       0.751       6.476        0.12      28458.    0.2231
       27.24      1.0274      0.7452      0.1320      0.1820       0.016       0.248       0.162      11.750       0.028       0.719       6.240        0.12      28720.    0.2103
       28.84      1.0878      0.7609      0.1248      0.1783       0.015       0.243       0.153      11.512       0.027       0.679       6.018        0.12      28997.    0.1971
       30.45      1.1482      0.7747      0.1162      0.1722       0.015       0.235       0.142      11.117       0.027       0.633       5.804        0.12      29286.    0.1835
       32.05      1.2087      0.7857      0.1066      0.1640       0.014       0.224       0.131      10.584       0.025       0.580       5.592        0.12      29586.    0.1693
       33.65      1.2691      0.7929      0.0962      0.1539       0.013       0.210       0.118       9.934       0.024       0.524       5.375        0.12      29899.    0.1546
       35.25      1.3295      0.7950      0.0851      0.1423       0.012       0.194       0.104       9.184       0.022       0.463       5.144        0.12      30221.    0.1392
       36.85      1.3900      0.7897      0.0735      0.1294       0.011       0.176       0.090       8.350       0.020       0.400       4.888        0.12      30555.    0.1229
       38.46      1.4504      0.7741      0.0616      0.1153       0.010       0.157       0.075       7.444       0.018       0.335       4.591        0.12      30898.    0.1057
       40.06      1.5108      0.7430      0.0493      0.1003       0.009       0.137       0.060       6.477       0.015       0.269       4.231        0.12      31250.    0.0872
       41.66      1.5713      0.6872      0.0370      0.0846       0.007       0.115       0.045       5.458       0.013       0.201       3.762        0.12      31612.    0.0671
       43.26      1.6317      0.5885      0.0246      0.0681       0.006       0.093       0.030       4.399       0.011       0.134       3.103        0.13      31982.    0.0451
       44.87      1.6921      0.4044      0.0123      0.0513       0.004       0.070       0.015       3.309       0.008       0.067       2.056        0.13      32361.    0.0211
       46.47      1.7526      0.0065      0.0001      0.0341       0.003       0.047       0.000       2.202       0.005       0.001       0.032        0.13      32748.    0.0000
