AG 03    0.2503    0.06247    0.32511    0.02029    0.00430529    6.68686
AG 04    0.22502    0.06441    0.40618    0.017225    0.00412751    5.99847
AG 09    0.17187    0.04905    0.33854    0.01823    0.00521857    4.46716
AG 10    0.15999    0.04774    0.33961    0.01613    0.00822362    4.21185
AG 11    0.26001    0.05818    0.29722    0.02241    0.00611998    6.51358
AG 16    0.22717    0.0712    0.46181    0.01891    0.00379799    4.60661
AG 17    0.22052    0.06492    0.455    0.020345    0.00379799    4.22309
AG 18    0.21388    0.05872    0.44818    0.0218    0.00379799    4.21723
AG 19    0.20036    0.05408    0.43441    0.022885    0.00379799    3.83296
AG 24    0.26657    0.08414    0.45392    0.02238    0.00481831    4.00667
AG 25    0.25349    0.07583    0.44736    0.024225    0.00411407    4.21
AG 26    0.24053    0.06847    0.44785    0.025695    0.00414903    4.21241
AG12 New SuperGee DLG by Mark Drela    0.21482    0.06245    0.43506    0.01848    0.00379861    4.28392
AG13NewSuperGeeDLGbyMarkDrela    0.2062    0.05845    0.4251    0.0197    0.003666    4.11635
AG14 New SuperGee DLG by Mark Drela    0.1951    0.05383    0.40643    0.02096    0.00377414    3.71196
AG455ct-02f rot, New SuperGee DLG by Mark Drela    0.22933    0.06481    0.3188    0.018565    0.00551343    4.89575
AG47c-03fSuperGeeRCDLGbyMarkDrela    0.22425    0.05088    0.32703    0.013595    0.0059922    2.74312
AG47ct-02frotNewSuperGeeDLGbyMarkDrela    0.21802    0.05019    0.32759    0.0132    0.00577582    3.72533
AH 79-100 A    0.27886    0.1    0.55441    0.036475    0.00802622    17.0378
AH 79-100 B    0.30866    0.10037    0.51091    0.064235    0.00817509    9.18392
AH 79-100 C    0.31886    0.09943    0.5    0.067005    0.0111231    10.5278
BELL-WORTMANN FX 69-H-083    0.3611    0.08414    0.3472    0.02456    0.00325301    9.36955
BELL-WORTMANN FX 69-H-098    0.2818    0.0989    0.23596    0.01745    0.00691282    15.6199
CJ 1    0.28572    0.09509    0.25716    0.009665    0.0110844    12.1089
CJ 2    0.22855    0.05635    0.3143    0.02347    0.00496064    5.03686
CJ 3309    0.25703    0.09316    0.25703    0.03457    0.00499576    9.307
CJ 4    0.31431    0.13702    0.3    0.02349    0.0153847    12.0089
CJ 5    0.22856    0.09327    0.34291    0.02329    0.00919455    9.98618
CJ 6    0.22855    0.05636    0.3143    0.023465    0.0048699    4.87705
CLARK K    0.309    0.11682    0.42155    0.032835    0.0119832    15.2862
CLARK V    0.34284    0.11686    0.47144    0.034005    0.00919921    19.2436
CLARK W    0.25705    0.11315    0.4286    0.03747    0.0132246    17.5868
CLARK X    0.3    0.117    0.4286    0.032895    0.0103216    15.5623
CLARK YH    0.31428    0.11904    0.34285    0.025075    0.0103875    16.1794
CLARK YM-15    0.28195    0.14987    0.4106    0.035755    0.0176155    19.5269
CLARK Z    0.3    0.1175    0.38572    0.04038    0.0151473    15.5228
CLARK-Y2    0.28879    0.11702    0.41322    0.03583    0.00777309    17.2161
CLARKY15    0.28566    0.15005    0.41431    0.0358    0.0178439    19.8078
CLARKY18    0.28565    0.18008    0.41431    0.0358    0.0255964    23.9442
FX 38-153    0.43469    0.15535    0.31885    0.02022    0.0142179    -5.31455
FX 60-100 (126)    0.35268    0.10221    0.58085    0.03449    0.00901191    3.45753
FX 60-100    0.28879    0.10083    0.58679    0.03465    0.00968062    4.62165
FX 60-126-1    0.27891    0.12596    0.55442    0.039685    0.00823265    15.5615
FX 60-157    0.37056    0.15683    0.76848    0.025315    0.016365    5.20423
FX 60-160    0.36663    0.15654    0.58339    0.030785    0.0104044    13.9255
FX 60-177    0.3918    0.17726    0.79549    0.024135    0.0274488    1.14449
FX 61-140    0.33928    0.13968    0.28879    0.024885    0.00874285    13.5305
FX 61-147    0.33933    0.14758    0.31885    0.03197    0.0106503    24.3145
FX 61-163    0.37056    0.16349    0.31885    0.025855    0.0120826    11.0702
FX 61-168    0.37056    0.16807    0.34974    0.02996    0.012753    24.3145
FX 61-184    0.38118    0.18389    0.62938    0.02864    0.0155491    21.3458
FX 62-K-153-20    0.41318    0.15316    0.58676    0.03939    0.0107017    9.50011
FX 63-100    0.28312    0.09965    0.54162    0.04356    0.0140167    3.67772
FX 63-110    0.28312    0.11039    0.54163    0.04356    0.016431    4.03668
FX 63-120    0.32366    0.12198    0.51621    0.050155    0.0200234    4.27895
FX 63-13713,7%smoothed    0.29872    0.13687    0.54354    0.05855    0.0179604    6.4239
FX 63-143    0.33933    0.14319    0.30861    0.03087    0.00838242    4.3311
FX 63-145    0.30851    0.14554    0.38119    0.03974    0.0138485    37.6726
FX 63-147    0.34974    0.14758    0.32909    0.03133    0.00642801    -18.9028
FX 63-158    0.36015    0.15838    0.32908    0.03766    0.0162616    28.2033
FX 66-17AII-182    0.36015    0.18223    0.37059    0.037955    0.0108877    17.3695
FX 66-S-161    0.32907    0.1613    0.42399    0.03913    0.00752494    10.6506
FX 66-S-171    0.32907    0.17122    0.42399    0.038875    0.00837851    10.6506
FX 66-S-196    0.39183    0.19682    0.41322    0.037365    0.0138411    32.254
FX 67-K-150-17    0.42397    0.15017    0.4456    0.04817    0.00667563    10.8564
FX 67-K-170-17    0.42397    0.17049    0.4456    0.05053    0.0115524    17.2161
FX 71-L-150-20    0.34972    0.15004    1    0    0.0351291    9.52728
FX 71-L-150-25    0.34972    0.15004    1    0    0.038088    9.52728
FX 71-L-150-K30    0.34972    0.15004    1    0    0.0351291    9.52728
FX 74-Cl5-140MOD(smoothed)    0.28281    0.13088    0.40389    0.097305    0.0116398    20.9775
FX LIII-142 K 25    0.31885    0.14202    1    0    0.00720143    62.8591
FX S 02-1-158    0.31885    0.15785    0.37056    0.034955    0.00378021    27.0766
FX S 02-196    0.37056    0.19654    0.39181    0.036405    0.0248851    4.57392
FX S 03-182    0.42393    0.18255    0.46733    0.02742    0.0102617    5.81897
FX05H126    0.35819    0.12633    0.37059    0.04393    0.0123379    10.6023
FX60-10010,0%smoothed    0.27886    0.09981    0.56526    0.03485    0.00730209    2.71779
FX60-126    0.28879    0.12679    0.58679    0.0344    0.0147968    6.18862
FX62K131    0.40245    0.13133    0.4891    0.038385    0.00753801    9.08366
FX74-140    0.29994    0.12542    0.3759    0.08726    0.00907802    6.70206
FX74_CL5_140    0.29864    0.14216    0.38123    0.098715    0.0245126    6.44542
FX76MP12    0.32703    0.12381    0.4773    0.07441    0.01167    5.90702
FX76MP14    0.32632    0.14406    0.48281    0.06906    0.0151787    6.01435
FX76MP16    0.32854    0.16303    0.48573    0.05944    0.0245483    10.8836
GOE 100 (SOPWITH)    0.24233    0.06606    0.37092    0.03605    0.00211013    13.0358
GOE 101    0.28568    0.06998    0.34287    0.03966    0.00755196    7.14791
GOE 10K    0.48571    0.03853    0.57143    0.014315    0.00118923    12.5812
GOE 113    0.32857    0.06667    0.35714    0.030605    0.00254717    9.11203
GOE 115 (MVA MK,2)    0.2546    0.09791    0.44033    0.0379    0.00464178    10.935
GOE 116 (MVA MK,3)    0.35484    0.09399    0.44064    0.04124    0.00280705    10.1427
GOE 117 (MVA MK,4)    0.28397    0.08994    0.41258    0.04584    0.00448313    11.5053
GOE 118 (MVA MK,7)    0.31351    0.08806    0.41352    0.056855    0.00570536    10.156
GOE 11K    0.47142    0.07458    0.55715    0.0276    0.00444955    23.6667
GOE 121 (MVA H,1)    0.19901    0.06639    0.38466    0.0461    0.00687371    9.30602
GOE 122 (MVA H,2)    0.24228    0.07561    0.3424    0.04044    0.0093771    8.03691
GOE 123    0.25    0.0549    0.38571    0.056805    0.0100356    7.59543
GOE 124 (MVA H,4)    0.24195    0.08195    0.39921    0.05511    0.0126563    5.00099
GOE 12K    0.4857    0.11107    0.55717    0.041125    0.0101481    34.4348
GOE 133 (MVA H,11)    0.28569    0.08004    0.34287    0.04279    0.01445    9.00444
GOE 134 (MVA H,12)    0.3143    0.09465    0.32859    0.039695    0.0107963    11.9513
GOE 137 (MVA H,15)    0.27044    0.08736    0.35626    0.04443    0.00943159    9.57404
GOE 13K    0.47141    0.14854    0.55718    0.05468    0.0213486    43.7141
GOE 14    0.25498    0.10054    0.31221    0.06911    0.0253235    10.6401
GOE 140 (MVA H,17)    0.25626    0.0884    0.31347    0.052935    0.0067601    8.64591
GOE 142 (MVA H,19)    0.24938    0.06161    0.3327    0.038495    0.00607517    7.46851
GOE 143 (MVA H,20)    0.24187    0.07509    0.34192    0.03815    0.00696374    7.6065
GOE 144 (MVA H,21)    0.22737    0.07567    0.37023    0.04734    0.00887005    11.6571
GOE 147 (MVA H,6)    0.16321    0.07685    0.35611    0.03733    0.00903769    5.79972
GOE 14K    0.48571    0.12001    0.52858    0.02717    0.00716341    42.9644
GOE 15    0.25516    0.09131    0.32675    0.07741    0.0186538    15.7116
GOE 164 (MVA MK,10)    0.21315    0.09036    0.42755    0.06615    0.00665718    12.8821
GOE 165 (MVA MK,11)    0.23991    0.12414    0.52604    0.056065    0.00824594    13.8896
GOE 167 (V,KARMAN PROP,2)    0.32783    0.10176    0.34212    0.045895    0.011095    9.10492
GOE 173 (ALBATROS 6020)    0.22809    0.08003    0.38528    0.05889    0.00803942    10.4819
GOE 174 (ALBATROS 5020)    0.22786    0.08859    0.38508    0.05528    0.0105114    13.4153
GOE 176 (ALBATROS 7020)    0.22688    0.10685    0.42706    0.054265    0.0147032    12.5019
GOE 177    0.2285    0.07967    0.38573    0.049855    0.00675509    7.48308
GOE 180 (MVA H,26)    0.27139    0.08817    0.35715    0.04403    0.0113043    13.043
GOE 182 (MVA H,27)    0.21296    0.096    0.38443    0.051895    0.0136738    8.81185
GOE 184 (MVA H,29)    0.22715    0.08619    0.38442    0.052485    0.0116178    8.0003
GOE 187 (SCH-TTE-LANZ 2U10)    0.28574    0.08353    0.32867    0.04818    0.0117873    12.0343
GOE 188 (SCH-TTE-LANZ 3U10)    0.3143    0.08941    0.3143    0.043225    0.0118282    11.8772
GOE 190 (MVA MK,18)    0.23908    0.13051    0.53962    0.058015    0.0169552    14.6097
GOE 195    0.2285    0.08928    0.45716    0.049815    0.0131219    9.11941
GOE 198 (L,F,G, 5294)    0.22753    0.08121    0.39903    0.06502    0.0156198    8.52057
GOE 217 (MVA MK,12)    0.26313    0.1939    0.5794    0.059615    0.0483387    9.40134
GOE 222 (MVA H,33)    0.29194    0.18819    0.54983    0.070985    0.0225511    14.4835
GOE 223 (MVA H,34)    0.30501    0.19019    0.5347    0.05587    0.0181482    11.7475
GOE 225 (MVA H,35)    0.24    0.13349    0.54031    0.07504    0.021222    8.15562
GOE 226 (MVA H,36)    0.2535    0.14632    0.4966    0.078615    0.0269706    8.53959
GOE 227 (MVA H,37)    0.25712    0.14791    0.5    0.076025    0.0199437    7.63247
GOE 228 (MVA H,38)    0.27942    0.18306    0.46561    0.068055    0.0267922    11.5743
GOE 229 (MVA H,39)    0.30453    0.19525    0.51975    0.057945    0.0158332    14.9359
GOE 233 (MVA CA4)    0.24036    0.12285    0.52627    0.079755    0.0211565    4.37743
GOE 234 (MVA CA5)    0.2537    0.14927    0.5541    0.089215    0.0242858    4.34507
GOE 235 (SCH-TTE-LANZ)    0.22756    0.06547    0.35611    0.035645    0.0141918    6.20195
GOE 238 (HANSA-BRANDENBURG)    0.29838    0.09892    0.34127    0.055405    0.0171978    11.6375
GOE 239 (MVA H,31)    0.24083    0.11604    0.42667    0.05933    0.0153309    10.9235
GOE 240 (KOLLER)    0.22789    0.07243    0.39936    0.05136    0.00939996    9.97019
GOE 241 (MVA PR,1)    0.28025    0.19311    0.53827    0.08055    0.0341715    9.78831
GOE 242 (MVA PR,2)    0.32487    0.16462    0.55404    0.071755    0.0200406    2.95996
GOE 243 (MVA PR,3)    0.26421    0.19638    0.57977    0.080355    0.0461076    6.62512
GOE 244 (MVA PR,4)    0.23875    0.18398    0.52522    0.096795    0.0402581    6.91354
GOE 255 (MVA CA,6)    0.31919    0.18728    0.44794    0.04827    0.016406    18.907
GOE 256 (JUNKERS E)    0.31038    0.16007    0.39607    0.047205    0.0200661    23.6755
GOE 257    0.31401    0.0885    0.34258    0.041225    0.00565562    10.3274
GOE 264    0.22667    0.06731    0.35224    0.0574    0.00919409    5.08483
GOE 265    0.14917    0.08127    0.37053    0.07245    0.0176231    8.30456
GOE 269    0.22756    0.06787    0.38475    0.04994    0.0121936    7.32173
GOE 274 (DAIMLER V)    0.27076    0.08745    0.35656    0.04848    0.0119136    10.6363
GOE 275 (DAIMLER VI)    0.24208    0.07998    0.35649    0.04682    0.0160171    12.473
GOE 276 (DAIMLER VII)    0.25671    0.07395    0.32817    0.04011    0.0094668    11.7176
GOE 277 (DAIMLER VIII)    0.24202    0.08549    0.34213    0.043835    0.0103164    10.4787
GOE 278 (DAIMLER IX)    0.2708    0.07516    0.3423    0.042625    0.0107068    11.6661
GOE 279 (DAIMLER X)    0.27107    0.07505    0.37111    0.047285    0.0144548    10.5681
GOE 280 (DAIMLER XI)    0.31406    0.07944    0.32835    0.045515    0.00764394    9.30768
GOE 281 (DAIMLER XII)    0.28519    0.0814    0.37093    0.0453    0.00878468    10.5691
GOE 282 (DAIMLER XIII)    0.22737    0.09382    0.37022    0.050195    0.0103769    13.1437
GOE 284    0.29297    0.17763    0.37875    0.050915    0.0354704    15.8397
GOE 285    0.28332    0.11784    0.31668    0.036605    0.0222004    16.8075
GOE 286    0.25604    0.09473    0.32753    0.040765    0.0128753    8.96805
GOE 287    0.32783    0.08965    0.37069    0.049    0.00993333    5.64167
GOE 288    0.24998    0.17519    0.43615    0.056385    0.0236709    14.871
GOE 289 (MVA 289)    0.28558    0.16836    0.4    0.0612    0.0190389    20.6587
GOE 290 (MVA 290)    0.29147    0.17683    0.37737    0.038175    0.0301472    17.3416
GOE 298    0.19595    0.12778    0.39569    0.0455    0.0285735    9.8485
GOE 29B    0.1837    0.09411    0.32653    0.0658    0.0154993    8.61486
GOE 300 (FRIEDRICHSHAFEN G20)    0.23733    0.08736    0.35004    0.066835    0.0204927    11.2509
GOE 301 (FRIEDRICHSHAFEN G 13)    0.25009    0.10116    0.36736    0.06479    0.0197095    15.6409
GOE 303 (FRIEDRICHSHAFEN G03)    0.29891    0.10029    0.39891    0.058105    0.0191979    15.7811
GOE 304 (FRIEDRICHSHAFEN G02)    0.2698    0.09185    0.39842    0.06284    0.0197933    13.3073
GOE 308 (MVA H,40)    0.22796    0.08262    0.32806    0.050345    0.00980134    17.1113
GOE 309 (MVA H,41)    0.25712    0.0855    0.32865    0.0468    0.00845819    12.2673
GOE 310 (MVA H,42)    0.22765    0.08432    0.4134    0.04769    0.00992669    17.6493
GOE 311 (MVA H,43)    0.22744    0.0883    0.37039    0.061165    0.00954372    10.2853
GOE 314 (HANSA-BRANDENBURG)    0.22727    0.08164    0.29872    0.046725    0.0140478    12.1385
GOE 315 (HANSA-BRANDENBURG III,5)    0.32774    0.0808    0.29914    0.04108    0.0129088    10.5609
GOE 316 (HANSA-BRANDENBURG IV,5)    0.25622    0.09145    0.27053    0.042605    0.0122369    8.59445
GOE 318 (HANSA-BRANDENBURG VI,5)    0.27048    0.09195    0.32766    0.04314    0.0117442    6.14832
GOE 319 (HANSA-BRANDENBURG II)    0.24129    0.10438    0.34132    0.05757    0.0262629    13.3217
GOE 320 (HANSA-BRANDENBURG II,1)    0.24048    0.12525    0.34061    0.061865    0.0298018    13.3074
GOE 321 (HANSA-BRANDENBURG III,1)    0.29851    0.11208    0.34143    0.05174    0.01774    10.3011
GOE 322 (HANSA-BRANDENBURG IV,1)    0.29818    0.13135    0.3411    0.06043    0.016892    13.5255
GOE 323 (HANSA-BRANDENBURG V,1)    0.28394    0.111    0.32689    0.051705    0.0188073    9.9356
GOE 324 (HANSA-BRANDENBURG)    0.28364    0.13229    0.31229    0.05916    0.0305722    8.90084
GOE 325 (PFALZ 54)    0.24279    0.08431    0.34289    0.04609    0.00967223    8.53205
GOE 326 (PFALZ 55)    0.27059    0.08307    0.37066    0.04719    0.0104361    10.9055
GOE 328    0.3    0.082    0.34286    0.04308    0.00916534    8.33687
GOE 329 (PFALZ 58)    0.28462    0.10226    0.34186    0.05542    0.0137551    10.9237
GOE 330 (PFALZ 59)    0.27009    0.10369    0.38448    0.05725    0.0121363    15.6306
GOE 331 (PFALZ 60)    0.31312    0.10743    0.37026    0.06871    0.0221364    14.4952
GOE 332 (PFALZ 61)    0.31242    0.11919    0.41245    0.06322    0.0173064    18.0154
GOE 335 (D,F,W,)    0.22847    0.07116    0.37144    0.047955    0.00779314    9.6053
GOE 336 (MVA H,44)    0.29941    0.09055    0.34227    0.05444    0.011584    18.3799
GOE 342    0.22849    0.05693    0.42858    0.06148    0.0100192    6.21426
GOE 344 (PFALZ 71)    0.19947    0.072    0.3709    0.027225    0.00772372    16.4167
GOE 346 (FRIEDRICHSHAFEN-STAAKEN)    0.38515    0.05712    0.37087    0.038285    0.0101742    9.35232
GOE 358    0.23731    0.11228    0.52505    0.055075    0.0161925    8.36808
GOE 359    0.24279    0.08083    0.37143    0.058645    0.00834108    12.6435
GOE 360    0.28465    0.09741    0.34188    0.058665    0.0125123    10.8547
GOE 361    0.22854    0.07027    0.37144    0.05505    0.009161    8.73706
GOE 362    0.24278    0.06985    0.4143    0.052    0.0128498    7.00373
GOE 363    0.24117    0.11352    0.38404    0.056535    0.0174556    12.3608
GOE 364    0.27136    0.11002    0.34287    0.06493    0.0201992    14.6997
GOE 365    0.32743    0.11776    0.356    0.05152    0.0186532    17.1506
GOE 367    0.3396    0.16386    0.38243    0.04609    0.0209663    21.3483
GOE 369    0.24278    0.06044    0.37144    0.05391    0.0126324    9.0166
GOE 370    0.22811    0.04674    0.39956    0.05745    0.00248025    10.5296
GOE 371    0.28517    0.07096    0.39949    0.04567    0.00856959    10.0155
GOE 372    0.29918    0.06199    0.41348    0.043135    0.00282994    10.0863
GOE 373    0.25624    0.06556    0.35636    0.051125    0.00640866    8.8184
GOE 374    0.25673    0.06518    0.29961    0.04509    0.00671386    10.2322
GOE 375    0.24251    0.06641    0.29965    0.044705    0.01237    10.3099
GOE 376    0.25664    0.06704    0.3424    0.04945    0.00929503    14.8403
GOE 377    0.3    0.06516    0.38571    0.038825    0.00709056    13.1734
GOE 379    0.25675    0.0656    0.35687    0.052655    0.00610564    13.2382
GOE 380    0.24254    0.06756    0.34267    0.05599    0.011347    11.9068
GOE 381    0.28529    0.06453    0.35674    0.05792    0.00700173    7.80982
GOE 382    0.30385    0.20114    0.34676    0.06054    0.0309115    20.4134
GOE 383    0.31529    0.20289    0.34389    0.049695    0.0507696    20.2748
GOE 385    0.31353    0.0992    0.3421    0.041555    0.010644    10.5259
GOE 386    0.27534    0.20387    0.38971    0.053885    0.0461573    22.7242
GOE 387    0.28563    0.15035    0.38573    0.05456    0.0277526    19.836
GOE 388    0.25559    0.10436    0.39856    0.05382    0.0152265    11.2338
GOE 389    0.26956    0.10362    0.36964    0.0399    0.00704062    13.6359
GOE 390    0.27733    0.20447    0.39171    0.068395    0.0440571    22.2372
GOE 391    0.41429    0.05102    0.41429    0.03212    0.00628976    11.5661
GOE 392    0.3    0.1015    0.4286    0.0486    0.00204001    14.6945
GOE 393    0.21333    0.06075    0.32768    0.042305    0.00685487    6.30296
GOE 394    0.22759    0.0644    0.42765    0.058365    0.0104239    6.30552
GOE 395    0.22755    0.06508    0.48475    0.069145    0.0105098    5.19467
GOE 396    0.22846    0.05094    0.4143    0.057535    0.00555856    10.9556
GOE 397    0.3    0.051    0.4    0.0396    0.00364605    9.07699
GOE 398    0.3    0.13971    0.37144    0.0477    0.026151    20.7185
GOE 399    0.28508    0.06998    0.37082    0.042015    0.00826038    10.6113
GOE 400    0.17852    0.06137    0.35716    0.04905    0.00669763    6.35949
GOE 401    0.22766    0.07243    0.31343    0.048465    0.0124109    14.368
GOE 402    0.24277    0.0714    0.35717    0.057185    0.0125691    9.19823
GOE 403    0.25628    0.06699    0.37065    0.043275    0.00265753    8.68156
GOE 404    0.25348    0.13377    0.32507    0.04941    0.030602    15.0619
GOE 405    0.25699    0.11362    0.3857    0.06518    0.0114281    15.4052
GOE 406    0.29939    0.11745    0.35655    0.055655    0.0202335    29.7209
GOE 407    0.31365    0.09514    0.35651    0.048115    0.0151931    23.5037
GOE 408    0.32826    0.07794    0.34254    0.041715    0.00971791    31.2564
GOE 409    0.35715    0.12832    1    0    0.0112866    13.5404
GOE 410    0.27139    0.1617    1    0    0.0246074    9.75273
GOE 411    0.34286    0.13288    1    0    0.00391613    21.5059
GOE 412    0.3254    0.13137    0.42542    0.05132    0.0128204    17.3911
GOE 413    0.25697    0.16457    0.42866    0.04643    0.028747    8.68054
GOE 414    0.29667    0.13765    0.42535    0.05201    0.0123294    18.6053
GOE 415    0.24206    0.08632    0.34212    0.03627    0.00681383    9.53623
GOE 416A    0.32352    0.117    0.63933    0.012255    0.00832334    9.00652
GOE 417    0.2285    0.06253    0.38572    0.0612    0.00844176    8.82541
GOE 418    0.22846    0.13018    0.38573    0.050205    0.0314001    13.7626
GOE 419    0.34285    0.05317    0.37142    0.04113    0.00132406    12.8967
GOE 420    0.28563    0.18762    0.48576    0.04306    0.0273043    15.5267
GOE 421    0.27842    0.19237    0.46429    0.08062    0.0239038    23.7026
GOE 422    0.29495    0.17204    0.40928    0.064555    0.0343772    19.9195
GOE 423    0.36814    0.17079    0.39671    0.050315    0.027286    23.2204
GOE 424    0.34259    0.20227    0.34259    0.047545    0.0269499    24.3058
GOE 425    0.32196    0.16144    0.36483    0.04497    0.0218789    17.2631
GOE 426    0.3    0.136    0.38573    0.04551    0.013257    9.60252
GOE 427    0.22847    0.04942    0.4143    0.05407    0.0064952    9.70228
GOE 428    0.257    0.08172    0.4    0.051775    0.00755472    10.2782
GOE 429    0.25714    0.11456    0.08921    0.00198    0.0114181    5.1249
GOE 430    0.26683    0.13357    0.52429    0.048655    0.0134502    9.1935
GOE 431    0.24259    0.1241    0.5715    0.071335    0.0173946    10.3926
GOE 432    0.24277    0.0802    0.38572    0.042735    0.0140544    11.2743
GOE 433    0.26302    0.17649    0.50667    0.04705    0.030683    10.1986
GOE 434    0.27018    0.23078    0.48528    0.04972    0.0712707    15.0044
GOE 435    0.27808    0.26266    0.50932    0.045315    0.0647912    14.797
GOE 436    0.27136    0.11119    0.34288    0.037325    0.0160046    14.2276
GOE 437    0.25704    0.07216    0.38572    0.04768    0.00662646    9.60869
GOE 438    0.28339    0.11081    0.35488    0.0376    0.0158375    14.1587
GOE 439    0.25706    0.0811    0.38572    0.05178    0.00759833    9.47675
GOE 441    0.25236    0.16342    0.43851    0.07604    0.029355    9.8874
GOE 442    0.24209    0.08006    0.38502    0.04274    0.0140002    11.4118
GOE 444    0.34286    0.05638    1    0    0.0011239    10.8807
GOE 445    0.37142    0.06428    1    0    0.00150256    10.7216
GOE 446    0.3256    0.12903    0.42568    0.063465    0.0157652    16.2679
GOE 447    0.28291    0.12972    0.44017    0.080025    0.0199311    18.5058
GOE 448    0.28318    0.13218    0.44052    0.104975    0.0157749    16.9357
GOE 449    0.34283    0.17157    0.4    0.05338    0.0255436    21.1025
GOE 450    0.31331    0.09029    0.4562    0.051705    0.0119591    12.3094
GOE 456    0.27075    0.07448    0.42796    0.05174    0.0059267    10.0678
GOE 457    0.22766    0.08046    0.37055    0.041935    0.0099339    12.5376
GOE 458    0.27075    0.07448    0.42796    0.05174    0.00584232    10.0678
GOE 459    0.34287    0.12754    1    0    0.0104438    21.5981
GOE 460    0.32858    0.20546    1    0    0.0259412    25.5323
GOE 464    0.07792    0.08394    0.37062    0.098665    0.0276972    10.7286
GOE 474    0.28569    0.07044    0.45715    0.029145    0.00894496    11.596
GOE 476    0.30951    0.14437    0.40961    0.052275    0.0228331    20.9055
GOE 477    0.27773    0.10167    0.44447    0.048655    0.0110801    12.5019
GOE 478    0.31013    0.13333    0.39585    0.043085    0.0240072    17.9755
GOE 479    0.28567    0.1172    0.38571    0.03961    0.0188848    14.7418
GOE 480    0.28883    0.11889    0.42226    0.05441    0.0199191    14.1137
GOE 482    0.26712    0.171    0.43881    0.086015    0.027315    8.55063
GOE 483    0.16423    0.05705    0.37144    0.058395    0.00629068    6.22056
GOE 484    0.31427    0.06254    0.45716    0.0498    0.0078741    9.67133
GOE 488    0.21333    0.06802    0.35617    0.03059    0.00572109    11.5281
GOE 490    0.2271    0.08837    0.34138    0.038955    0.00590749    16.4325
GOE 491    0.22855    0.04997    0.3    0.029275    0.00685341    13.8769
GOE 492    0.35632    0.06221    0.45636    0.033905    0.00230224    8.72893
GOE 493    0.34976    0.15145    0.50723    0.03289    0.0162936    17.9465
GOE 494    0.22811    0.04961    0.49951    0.051    0.00319427    5.80314
GOE 495    0.25704    0.07233    0.5    0.04934    0.00863241    7.29328
GOE 496    0.25707    0.10047    0.48573    0.05006    0.00937672    8.80083
GOE 497    0.27134    0.13082    0.51433    0.05198    0.0184616    10.1551
GOE 498    0.2651    0.16351    0.47975    0.05305    0.0360078    14.3476
GOE 499    0.25703    0.06846    0.5286    0.05868    0.00436941    6.02619
GOE 500    0.2713    0.1038    0.5    0.059025    0.0133483    8.20627
GOE 501    0.27123    0.13227    0.5    0.061835    0.0191995    9.11859
GOE 502    0.25058    0.1592    0.47936    0.061375    0.0284762    15.8824
GOE 503    0.28223    0.15939    0.39659    0.069    0.0207279    24.7953
GOE 504    0.30652    0.18102    0.39222    0.053555    0.0160712    21.7353
GOE 505    0.23986    0.14102    0.39711    0.058915    0.012023    24.545
GOE 506    0.27896    0.1659    0.43629    0.046245    0.0154237    24.5941
GOE 507    0.3    0.0865    0.41112    0.029235    0.00764015    11.3503
GOE 508    0.32855    0.1653    0.4    0.0564    0.0232023    18.3242
GOE 509    0.2565    0.11548    0.37091    0.05159    0.0179306    21.7533
GOE 511    0.25537    0.17342    0.36999    0.079205    0.0416585    31.2122
GOE 512    0.2414    0.14342    0.35575    0.05608    0.0213717    27.16
GOE 515    0.28568    0.08456    0.44287    0.028195    0.0068001    13.2852
GOE 517    0.26654    0.07089    0.3778    0.04665    0.00770044    11.3022
GOE 522    0.27209    0.21982    0.44417    0.051495    0.0490294    20.8364
GOE 523    0.26788    0.17134    0.51117    0.09422    0.0301334    8.1136
GOE 525    0.26788    0.17134    0.51117    0.09422    0.0301334    8.1136
GOE 527    0.29484    0.16703    0.36633    0.057545    0.0310563    17.3731
GOE 528    0.28382    0.12723    0.38392    0.06104    0.0222197    14.7713
GOE 529    0.28446    0.09858    0.38451    0.05752    0.0114034    11.1852
GOE 530    0.26972    0.13083    0.34123    0.05063    0.0316126    20.8522
GOE 532    0.27134    0.12791    0.35719    0.04723    0.0270062    10.9017
GOE 533    0.28565    0.13793    0.35719    0.046175    0.0201307    10.1761
GOE 534    0.23875    0.1433    0.43923    0.049945    0.0338651    12.3233
GOE 535    0.25702    0.16544    0.5    0.05439    0.0424205    15.0255
GOE 546    0.31428    0.10522    0.48573    0.034955    0.0132852    13.4875
GOE 547    0.34024    0.10534    0.4974    0.040215    0.0078931    16.6056
GOE 548    0.35712    0.11994    0.52862    0.023035    0.00525629    20.0948
GOE 549    0.3    0.13931    0.38001    0.04634    0.0117083    14.3362
GOE 550    0.22844    0.13019    0.48573    0.04285    0.0134172    14.1037
GOE 553    0.28202    0.13811    0.35359    0.04587    0.0249508    10.6182
GOE 561    0.31232    0.25015    0.32668    0.1025    0.0611565    47.083
GOE 562    0.29953    0.14171    0.34242    0.06278    0.0136597    33.029
GOE 563    0.31199    0.08899    0.45489    0.022585    0.00751702    11.7904
GOE 564    0.32857    0.08215    0.44288    0.02687    0.00658313    13.838
GOE 565    0.25708    0.08447    0.47143    0.027945    0.00649135    10.5505
GOE 566    0.34285    0.08684    0.35714    0.02558    0.00721167    11.4775
GOE 567    0.29459    0.14972    0.50928    0.05122    0.0188595    10.7792
GOE 57    0.21337    0.06286    0.37053    0.05128    0.00558485    10.4669
GOE 573    0.31369    0.14165    0.32799    0.065    0.0136592    27.7861
GOE 574    0.31378    0.10336    0.34235    0.049725    0.00795366    26.8769
GOE 584    0.3    0.12802    0.4    0.04909    0.0178681    14.2352
GOE 585    0.22854    0.08367    0.4143    0.033245    0.0115257    12.269
GOE 587    0.38598    0.05803    0.34312    0.030015    0.00193928    11.1595
GOE 590    0.32855    0.05738    0.32855    0.0405    0.00208858    10.6265
GOE 591    0.3    0.11303    0.38572    0.05013    0.0123547    13.7834
GOE 592    0.31105    0.1455    0.41108    0.07423    0.030804    15.155
GOE 593    0.3    0.11975    0.38571    0.040235    0.015201    19.1486
GOE 595    0.32856    0.09609    0.35713    0.030105    0.00886552    15.0911
GOE 596    0.3    0.09831    0.37145    0.040035    0.0144317    12.0349
GOE 598    0.36979    0.06567    0.49841    0.009735    0.00247774    7.89627
GOE 599    0.32493    0.09997    0.55377    0.01554    0.00599518    14.7015
GOE 600    0.32225    0.13114    0.50829    0.01915    0.00922699    14.5866
GOE 601    0.33279    0.16086    0.51903    0.02543    0.0170861    20.5933
GOE 602    0.3    0.0995    0.42859    0.034825    0.00535102    13.0452
GOE 604    0.26415    0.18055    0.33589    0.053155    0.0296364    17.5757
GOE 612    0.25172    0.15059    0.45187    0.050785    0.0191834    15.8569
GOE 613    0.3    0.103    0.35716    0.04116    0.00740468    16.2533
GOE 614    0.2776    0.18834    0.42079    0.06172    0.0251329    21.2575
GOE 615    0.26816    0.13829    0.39678    0.05537    0.020514    16.9254
GOE 617    0.32859    0.139    0.32859    0.02188    0.0149141    21.4653
GOE 619    0.23807    0.13824    0.45247    0.04604    0.0142587    16.3277
GOE 620    0.28563    0.17743    0.45721    0.05811    0.0301312    21.2352
GOE 621    0.25172    0.15059    0.45187    0.050785    0.0191834    15.4559
GOE 622    0.31429    0.08004    0.4    0.0242    0.00405479    11.2139
GOE 623    0.31429    0.12091    0.38572    0.03797    0.0143962    14.9269
GOE 624    0.3    0.16102    0.35716    0.05173    0.0256624    16.7473
GOE 625    0.3    0.20125    0.35718    0.060705    0.0329886    23.4256
GOE 626    0.2207    0.16582    0.49256    0.05127    0.0218244    13.2705
GOE 627    0.3    0.15756    0.27139    0.04078    0.0271039    23.6202
GOE 628    0.25048    0.17169    0.43667    0.05474    0.0315663    16.0295
GOE 629    0.28017    0.1361    0.43742    0.02824    0.0158847    17.8858
GOE 630    0.25481    0.12971    0.3979    0.07558    0.0229786    16.0642
GOE 632    0.3143    0.14018    0.35716    0.03957    0.0145619    24.4999
GOE 633    0.23951    0.13843    0.35393    0.03995    0.0184579    15.8325
GOE 645    0.23704    0.15769    0.3943    0.0473    0.0218225    15.7969
GOE 646    0.27572    0.18532    0.47613    0.043895    0.0326489    20.3478
GOE 647    0.2514    0.1663    0.38019    0.052015    0.029751    18.2457
GOE 648    0.24371    0.1526    0.37718    0.03942    0.0295043    18.5967
GOE 650    0.25211    0.13731    0.55254    0.0434    0.0226737    17.1677
GOE 652    0.1856    0.17074    0.5287    0.09282    0.0417185    4.23681
GOE 654    0.27132    0.14618    0.35722    0.051525    0.0192576    15.3597
GOE 655    0.25702    0.14163    0.38573    0.043155    0.0181262    15.7945
GOE 670    0.32855    0.09012    0.4286    0.033895    0.00857943    15.229
GOE 673    0.33963    0.10841    0.46828    0.02778    0.00357422    12.6653
GOE 675    0.26687    0.1515    0.43846    0.058395    0.0303819    18.114
GOE 676 (= M 12)    0.34287    0.11953    0.31429    0.020025    0.0102026    15.2077
GOE 677 (= M 6)    0.32858    0.11994    0.3    0.02225    0.0103298    17.2812
GOE 679    0.26232    0.18473    0.39102    0.044775    0.0367125    27.2492
GOE 681    0.24935    0.17018    0.39225    0.04298    0.0358763    20.0111
GOE 682    0.27139    0.1067    0.4    0.04325    0.0102831    12.5679
GOE 683    0.3    0.199    0.31431    0.02956    0.0252332    32.7375
GOE 685    0.22377    0.13148    0.45251    0.04258    0.0158817    11.979
GOE 692    0.32854    0.16139    0.42863    0.050205    0.0201744    22.6232
GOE 693    0.32858    0.12008    0.4286    0.036225    0.011268    16.4251
GOE 701    0.28205    0.12621    0.42496    0.04832    0.0187377    18.3104
GOE 702    0.23604    0.17069    0.3792    0.050305    0.0317165    12.5076
GOE 703    0.34288    0.19526    0.3143    0.02306    0.0322787    30.7955
GOE 704    0.29852    0.12946    0.36997    0.0215    0.00996703    18.0545
GOE 711    0.3143    0.14888    0.3286    0.06313    0.0202786    20.1624
GOE 723    0.26863    0.11582    0.4545    0.045245    0.0146414    17.2798
GOE 735    0.27132    0.20198    0.28566    0.04364    0.0331719    17.0089
GOE 738    0.28569    0.15441    0.31431    0.02128    0.0205227    12.6016
GOE 741    0.27134    0.15418    0.31434    0.04807    0.0273566    11.9617
GOE 744    0.22842    0.14838    0.31438    0.0695    0.0318358    9.89389
GOE 746    0.27135    0.09902    0.31433    0.050125    0.0105911    8.15906
GOE 758    0.3    0.13964    0.38573    0.04616    0.0167811    14.3147
GOE 766    0.26429    0.11985    0.17854    0.015245    0.0214816    13.9734
GOE 767    0.2    0.1199    0.17855    0.01514    0.0269695    10.6345
GOE 769    0.2    0.13908    0.3    0.04751    0.0362734    11.3542
GOE 770    0.31434    0.20941    0.27125    0.04053    0.0399095    20.4699
GOE 775    0.3    0.21    0.00679    5e-06    0.0423882    27.5432
GOE 776    0.3    0.25    0.27136    5e-06    0.0614498    32.0391
GOE 777    0.31437    0.21972    0.2712    0.059625    0.0501934    21.7724
GOE 79 (PFALZ 11)    0.17068    0.06467    0.35643    0.059875    0.0199556    8.39406
GOE 795    0.32907    0.08009    0.43474    0.02447    0.00373617    18.869
GOE 796    0.32001    0.12008    0.44003    0.036215    0.00910923    16.5954
GOE 797    0.32501    0.16012    0.43755    0.04887    0.0208638    20.319
GOE 798    0.32858    0.20017    0.42864    0.060535    0.0329821    26.8092
GOE 801 (MVA 301)    0.24271    0.10075    0.37144    0.0609    0.0160308    11.6538
GOE 802    0.24271    0.10075    0.37144    0.0609    0.0160308    11.6538
GOE 803 (HACKLINGER)    0.15828    0.06304    0.4    0.0661    0.010832    6.66525
GOE 804 (EA 8)    0.3428    0.06232    0.5143    0.0622    0.0106794    5.49745
GOE 81    0.22767    0.07623    0.35627    0.063485    0.0124539    11.2753
GOE 8K    0.48569    0.14906    0.52861    0.061265    0.0155681    41.9434
GOE 92    0.24235    0.08996    0.31391    0.05521    0.00739238    11.3525
HN 380    0.30152    0.09152    0.45297    0.02328    6.3149e-06    4.60574
HN-003    0.30152    0.10849    0.48431    0.024395    0.00672986    5.53712
HN-032    0.28711    0.07828    0.4843    0.017415    0.00430999    4.62657
HN-033    0.30152    0.08049    0.4843    0.018515    0.0045588    5.76907
HN-034    0.31594    0.08046    0.46861    0.01849    0.00303658    4.62657
HN-035    0.30152    0.0805    0.46861    0.018535    0.00423283    4.62657
HN-036    0.30152    0.07851    0.46861    0.016535    0.00402727    4.62657
HN-038    0.30152    0.08049    0.45297    0.01849    0.0031722    4.62657
HN-1023    0.30152    0.102    0.48431    0.023795    0.00583698    7.5046
HN-1027    0.30152    0.07499    0.48431    0.0255    0.00309221    3.22292
HN-1029    0.30152    0.08066    0.46861    0.02215    0.00377619    4.42342
HN-1033    0.28711    0.07847    0.45297    0.024755    0.00397195    4.42342
HN-1033A    0.28711    0.07547    0.45297    0.02146    0.0036606    4.62657
HN-1036    0.30152    0.08547    0.43733    0.018345    0.00434027    4.46608
HN-1038    0.30152    0.08148    0.43733    0.01524    0.00394279    4.50547
HN-1051    0.28711    0.08551    0.5    0.019985    0.00471484    3.33924
HN-1054    0.30152    0.08547    0.45297    0.016455    0.00448723    4.50547
HN-1070    0.25912    0.06546    0.43733    0.0174    0.00314476    6.9353
HN-153S    0.30153    0.08346    1    0    0.00403603    4.67461
HN-163    0.30152    0.08552    0.43733    0.017835    0.00375791    4.46608
HN-163TA    0.30152    0.08651    0.43733    0.01653    0.0038661    3.33924
HN-163TB    0.30152    0.08352    0.43733    0.018535    0.00357864    3.30275
HN-184    0.30152    0.08552    0.46861    0.017785    0.00380335    4.46608
HN-203    0.31594    0.10797    0.43733    0.023395    0.0059613    5.63005
HN-211    0.30152    0.08146    0.45297    0.01652    0.0037532    4.55216
HN-216    0.30152    0.08083    0.43733    0.01939    0.00362316    3.30275
HN-217    0.30152    0.08082    0.43733    0.02339    0.00339431    3.26393
HN-227    0.30152    0.09002    0.45297    0.023545    0.0037473    4.60574
HN-239    0.30152    0.08121    0.46861    0.02143    0.00340172    4.42342
HN-274S    0.27312    0.0915    1    0    0.00435879    4.58122
HN-275S    0.27312    0.1028    1    0    0.00559446    4.58122
HN-276SA    0.28711    0.08849    0.48431    0.003495    0.00545726    4.57939
HN-304    0.30152    0.10851    0.45297    0.02378    0.006255    5.53712
HN-309    0.30152    0.10852    0.46861    0.02078    0.00639593    5.76907
HN-311S    0.28711    0.07646    0.63943    5e-06    0.00387931    4.58122
HN-312S    0.27311    0.09548    0.65451    5e-06    0.00583724    6.86726
HN-315S    0.26497    0.07998    1    0    0.004489    6.43097
HN-316S    0.26497    0.08856    1    0    0.00576421    7.7136
HN-319    0.30152    0.11482    0.45297    0.02378    0.00701464    5.53712
HN-321    0.31594    0.07846    0.42182    0.015505    0.00423543    3.33924
HN-326    0.27312    0.07845    0.43733    0.016525    0.00451301    3.47753
HN-333    0.30152    0.08441    0.45297    0.020085    0.00372509    3.46324
HN-350    0.30152    0.07847    0.45297    0.01945    0.00312771    3.30275
HN-350M01    0.30152    0.08997    0.45297    0.01945    0.00414139    4.62657
HN-350M02    0.30152    0.08846    0.45297    0.02334    0.0040781    3.44626
HN-352    0.30152    0.07982    0.43733    0.015395    0.00347032    3.33924
HN-354    0.30152    0.07882    0.43733    0.01929    0.00338195    2.85696
HN-354A    0.30152    0.08503    0.43733    0.01999    0.00418446    3.30275
HN-354E    0.30152    0.08052    0.43733    0.019295    0.00376044    3.76011
HN-354ES    0.30152    0.08052    0.43733    0.015495    0.0039145    4.64375
HN-354OC    0.30152    0.08552    0.43733    0.02649    0.00406509    3.22292
HN-354SM    0.30152    0.08382    0.43733    0.023395    0.00377067    2.75728
HN-354SR    0.30152    0.08052    0.43733    0.016395    0.0033976    3.47753
HN-360    0.30152    0.08333    0.45297    0.021485    0.00359894    4.42342
HN-409    0.30152    0.10482    0.46861    0.02547    0.00570286    4.37763
HN-411    0.30152    0.11152    0.45297    0.023845    0.00577213    5.53712
HN-417    0.27312    0.08045    0.43733    0.02283    0.00411363    4.60574
HN-418    0.28711    0.08546    0.45297    0.024765    0.00447877    3.30275
HN-419    0.27312    0.07775    0.43733    0.023835    0.00423673    4.60574
HN-424    0.28711    0.08846    0.45297    0.026365    0.00478089    4.53598
HN-436    0.30152    0.08501    0.48431    0.016515    0.00454828    8.10346
HN-446    0.28711    0.07841    0.48431    0.01708    0.003884    3.33924
HN-450    0.30152    0.08328    0.42182    0.018805    0.00388511    4.64375
HN-450S    0.30152    0.08549    0.42182    0.018505    0.00400942    4.50547
HN-462    0.30152    0.08081    0.43733    0.013425    0.00373265    3.37329
HN-464    0.30152    0.08351    0.45297    0.02048    0.00360615    4.53598
HN-465    0.30152    0.08351    0.45297    0.022485    0.00359143    3.26393
HN-785    0.30152    0.07853    0.45297    0.018785    0.00320339    3.30275
HN-785SR    0.30152    0.07851    0.45297    0.014785    0.00341171    4.64375
HN-801    0.30152    0.08502    0.45297    0.019985    0.00399078    3.46324
HN-805    0.30152    0.07851    0.45297    0.015485    0.00335987    4.64375
HN-832    0.30152    0.11349    0.46861    0.023615    0.00750825    4.42342
HN-951    0.31594    0.10846    0.43733    0.01852    0.00665019    5.6323
HN-956    0.30152    0.13146    0.46861    0.02297    0.00735985    5.53712
HN-961SA    0.28711    0.10148    0.46861    0.0035    0.00710742    4.57939
HN-971    0.30152    0.10853    0.45297    0.02377    0.00684902    5.53712
HN-972    0.30152    0.10253    0.45297    0.02477    0.00599808    4.37763
HN-973    0.30152    0.08332    0.43733    0.02379    0.00427453    3.44626
HN-974    0.31594    0.12321    0.46861    0.02432    0.00615518    5.74085
HN-975    0.31594    0.12321    0.46861    0.02552    0.00640109    5.74085
HN-975TA    0.31594    0.1255    0.46861    0.026525    0.00631937    5.74085
HN-976S    0.27312    0.112    1    0    0.00665161    4.67461
HN-979    0.30152    0.07517    0.46861    0.021445    0.00323862    4.62657
HN-980    0.31594    0.11545    0.46861    0.017385    0.00640532    5.7928
HN-981    0.31594    0.08048    0.45297    0.018805    0.00358416    4.62657
HN-989    0.30152    0.08049    0.46861    0.01848    0.00326097    3.47753
HN-990    0.30152    0.07852    0.43733    0.01879    0.00357196    4.62657
HN-997A    0.30152    0.07517    0.46861    0.025165    0.00328286    4.60574
HN-997B    0.30152    0.07517    0.46861    0.028465    0.00321755    4.58137
HN-998    0.30152    0.06879    0.46861    0.029675    0.00266125    3.42665
HN-999    0.30152    0.07049    0.4843    0.0303    0.00272975    3.40452
HN327    0.27312    0.07845    0.43733    0.018525    0.00412059    3.47753
HN979D    0.30152    0.06547    0.46861    0.01754    0.00242427    3.47753
Marsden    0.31594    0.27875    0.37565    0.077385    0.0640273    3.14212
MH 102    0.28465    0.17221    0.3971    0.026605    0.0190106    10.0867
MH 104    0.27903    0.15281    0.27903    0.021665    0.0171529    9.37929
MH 106    0.26545    0.13094    0.27628    0.00807    0.00958952    9.07374
MH 108    0.24102    0.12019    0.21089    0.00909    0.0102811    7.91984
MH 110    0.23801    0.10091    0.16192    0.009435    0.00609718    6.89088
MH 112    0.31539    0.17423    0.4845    0.065845    0.0403901    6.94631
MH 113    0.31864    0.15762    0.48879    0.06362    0.0250012    6.37364
MH 114    0.32211    0.14119    0.49322    0.06082    0.0146218    6.74832
MH 115    0.31356    0.11969    0.51015    0.049835    0.0129524    5.77094
MH 116    0.3231    0.10311    0.48727    0.039365    0.00932134    4.94716
MH 117    0.3036    0.10042    0.45704    0.02542    0.00619814    4.86026
MH 18  11,14%    0.35691    0.11154    0.39158    0.028495    0.0075458    5.99592
MH 18    0.35691    0.11154    0.39158    0.028495    0.0075458    5.99592
MH 18B    0.39604    0.11734    0.40897    0.01951    0.00616831    3.26509
MH 20    0.31844    0.09028    0.35296    0.02144    0.00782627    4.87927
MH 22  7,21%    0.27779    0.07238    0.34609    0.018805    0.00552693    5.00999
MH 22- Mod,3    0.24307    0.08346    0.27249    0.01728    0.00653963    5.30234
MH 22    0.27779    0.07238    0.34609    0.018805    0.00552693    5.00999
MH 23    0.36453    0.08017    0.41388    0.01102    0.00616263    3.94987
MH 24    0.39241    0.09006    0.33196    0.014115    0.00760254    5.8834
MH 25    0.40763    0.09977    0.34659    0.015515    0.00796513    6.19675
MH 26    0.42087    0.10984    0.35964    0.01603    0.00829962    6.28223
MH 27    0.43406    0.11982    0.36043    0.01609    0.00896358    7.46578
MH 30    0.30827    0.07895    0.45365    0.016645    0.00340635    5.64654
MH 31    0.27381    0.08002    0.32009    0.011535    0.0064875    7.49206
MH 32    0.31279    0.08809    0.41952    0.02292    0.00402723    5.57321
MH 33    0.30459    0.07293    0.41401    0.010415    0.00301549    4.93922
MH 34    0.32879    0.08521    0.37724    0.0109    0.00392809    7.28358
MH 44    0.27856    0.0968    0.38352    0.01303    0.00911675    9.56026
MH 45    0.26498    0.09856    0.35552    0.016435    0.00546827    3.71236
MH 46    0.27786    0.11342    0.3669    0.01728    0.0112504    2.45504
MH 49    0.28064    0.10479    0.34813    0.007885    0.00499758    6.17976
MH 6010,08%    0.27662    0.10091    0.34476    0.019315    0.0101188    3.66518
MH 61    0.29931    0.1028    0.39177    0.014885    0.0043053    4.56047
MH 62    0.26843    0.09321    0.37146    0.015875    0.00570782    3.66644
MH 64    0.27051    0.08627    0.39885    0.014335    0.00409953    2.96047
MH 78    0.21343    0.1452    0.15976    0.028465    0.0291622    3.29413
MH 91    0.27981    0.15068    0.14495    0.01938    0.0238776    4.44367
MH 92    0.27783    0.15589    0.14377    0.019535    0.0241231    3.77228
MH 93    0.27586    0.1608    0.16805    0.011405    0.0243336    4.40802
MH32 (8,71%)    0.31279    0.08809    0.43177    0.02294    0.000704669    5.57321
MH428,94 %    0.30029    0.08968    0.35784    0.01938    0.00671397    4.9138
MH438,5%    0.30066    0.08536    0.37009    0.01838    0.00642408    4.25922
mhmi2    0.2408    0.09335    0.27414    0.02313    0.0094108    3.61454
mhmi3    0.25875    0.09626    0.29306    0.020305    0.0122817    3.77936
NACA 0006    0.30411    0.06002    1    0    0.00408333    0
NACA 0007    0.30411    0.07002    1    0    0.00560333    18.9246
NACA 0008    0.30411    0.08002    1    0    0.0072075    18.9246
NACA 0009    0.30411    0.09002    1    0    0.0091875    18.9246
NACA 0010    0.30411    0.10002    1    0    0.0114075    18.9246
NACA 0011    0.30411    0.11002    1    0    0.0136533    0
NACA 0012    0.30032    0.12004    1    0    0.0154083    15.7066
NACA 0013    0.29687    0.13004    1    0    0.0192533    0
NACA 0014    0.30411    0.14004    1    0    0.0221408    18.9246
NACA 0015    0.30411    0.15004    1    0    0.0255208    36.8699
NACA 0016- 30-20    0.2047    0.16004    1    0    0.0437112    16.2602
NACA 0016- 30-25    0.2544    0.16004    1    0    0.034969    16.2602
NACA 0016    0.30411    0.16004    1    0    0.0291408    18.9246
NACA 0018- Mod,40-30    0.22808    0.18004    1    0    0.0441    16.2602
NACA 0018    0.30411    0.18004    1    0    0.03675    18.9246
NACA 0020    0.30411    0.20004    1    0    0.04563    36.8699
NACA 11-H-09    0.35092    0.08831    0.33381    0.04577    0.0139363    13.765
NACA 1412    0.2992    0.1199    0.41668    0.00999    0.0138618    15.629
NACA 2 R 12    0.28569    0.12104    0.34288    0.019455    0.0174022    17.0458
NACA 2,5411    0.30727    0.11067    0.409    0.02456    0.0144081    14.9291
NACA 23012  12%    0.32238    0.11868    0.15633    0.02024    0.0186467    15.8023
NACA 23016    0.32798    0.15871    0.15405    0.01472    0.0255717    20.3764
NACA 2409-34    0.40198    0.09    0.40198    0.02    0.00216118    -90
NACA 2410    0.30287    0.10017    0.40973    0.01918    0.0114087    -90
NACA 2412    0.30262    0.12016    0.40972    0.019015    0.0150795    -90
NACA 2413    0.30249    0.13016    0.40972    0.01893    0.0177795    -86.1859
NACA 2414    0.30725    0.14054    0.39598    0.019475    0.0225914    18.5923
NACA 2415    0.30223    0.15016    0.40971    0.01877    0.0235926    -86.6335
NACA 6-H-10    0.4    0.09905    0.36667    0.04665    0.015619    8.27249
NACA 6-H-15    0.4    0.15483    0.36665    0.04602    0.015679    12.8701
NACA 63(2)-215 MOD B    0.325    0.1503    0.11247    0.01599    0.0145249    3.40914
NACA 63-015A    0.3625    0.14994    1    0    0.0144499    16.8373
NACA 63-018    0.3375    0.18002    1    0    0.0188012    6.49145
NACA 63-210    0.34951    0.1    0.48747    0.011045    0.00555315    3.24848
NACA 63-212    0.34941    0.12    0.5    0.01103    0.0103027    4.71026
NACA 63-215    0.34926    0.15    0.5    0.01103    0.0137628    5.62139
NACA 63-412    0.36116    0.15035    0.44955    0.020985    0.0172573    5.57113
NACA 63012A    0.3625    0.11996    1    0    0.00904513    13.6855
NACA 63A010    0.3625    0.09996    1    0    0.00624298    11.5119
NACA 63A018    0.3375    0.18002    0.57502    5e-06    0.0188012    12.4254
NAca 63A612    0.36317    0.11999    0.53076    0.038145    0.0103712    13.3681
NACA 64(1)-212    0.37451    0.12    0.5    0.01103    0.00914659    5.53043
NACA 64-008A    0.3875    0.08002    1    0    0.00384727    9.60315
NACA 64-012A    0.3875    0.12    1    0    0.0088445    14.1372
NACA 64-108    0.38735    0.07999    0.5    0.00552    0.00397444    4.03031
NACA 64-110    0.37479    0.10002    0.51253    0.00552    0.00624307    4.76145
NACA 64-215    0.37439    0.15009    0.5    0.01103    0.0143297    6.62765
NACA 6409    0.29344    0.09141    0.41774    0.05837    0.0087021    -92.2906
NACA 6411    0.2926    0.11249    0.42562    0.056915    0.0135151    -90
NACA 6412    0.29192    0.12326    0.42216    0.05864    0.0192883    105.767
NACA 6413    0.29943    0.1335    0.4257    0.05598    0.017883    -90
NACA 642-015    0.375    0.15008    1    0    0.0144499    6.58268
NACA 642-015A    0.3875    0.14998    1    0    0.0141859    17.3752
NACA 64A-010 10,0%    0.375    0.09994    1    0    0.00752083    12.4187
NACA 64A018    0.375    0.17998    0.58751    1e-05    0.0208463    13.2858
NACA 65-019    0.4    0.18998    1    0    0.0195313    9.85265
NACA 65019    0.27937    0.18707    0.28714    0.053745    0.0412783    -87.2737
NACA 66,2-(1,8)12 A=,6 P-51 TIP    0.44985    0.11999    0.475    0.0133    0.00816016    4.12309
NACA 66,2-(1,8)12 A=,6    0.45823    0.12    0.475    0.013295    0.00816016    4.12309
NACA 77 A    0.28571    0.09506    1    0    0.00678205    11.6754
NACA 8-H-12    0.31692    0.11965    0.31692    0.035555    0.0157624    9.09735
NACA 97    0.25695    0.14411    0.48574    0.061065    0.0262331    11.7556
NACA BR 63-55-12    0.34283    0.12047    0.41432    0.03927    0.0138048    14.0062
NACA M10    0.3428    0.06222    0.32852    0.01925    0.00373768    8.55734
NACA M11    0.32858    0.08183    0.32858    0.018855    0.00627583    14.7631
NACA M12    0.32858    0.1198    0.34286    0.02001    0.0121407    17.1132
NACA M14    0.35715    0.08116    0.34287    0.039425    0.00625916    11.7996
NACA M15    0.34262    0.12048    0.32834    0.038585    0.0124088    16.768
NACA M16    0.34291    0.06192    0.31434    0.04119    0.00348128    6.32803
NACA M18    0.32858    0.12056    0.31429    0.041235    0.0125153    16.9556
NACA M2    0.34285    0.08118    1    0    0.00602579    8.15984
NACA M21    0.3429    0.12018    0.3286    0.060655    0.0119642    16.5609
NACA M24    0.31538    0.11968    0.31538    0.06355    0.0160482    15.3493
NACA M3    0.32858    0.11942    1    0    0.0125835    16.7318
NACA M4    0.32898    0.06309    0.3004    0.022065    0.00385155    8.23633
NACA M5    0.34344    0.08258    0.30057    0.020675    0.00587341    9.4208
NACA M6    0.34287    0.12078    0.31429    0.02217    0.0130757    16.556
NACA M8    0.1571    0.12159    0.37152    0.07949    0.0239115    7.80898
NACA-CYH    0.28568    0.11706    0.35717    0.02851    0.0104179    15.2153
NACA-K6E    0.34957    0.14946    0.54027    0.035815    0.0173183    9.36676
NACA-K6M    0.29815    0.13472    0.41284    0.033945    0.00849123    6.7332
NACA-K6S    0.28914    0.1213    0.22888    0.034345    0.0140788    5.33934
NACA-LANGLEY SYMMETRICALSUPERCRITICAL    0.4    0.10956    1    0    0.0217078    29.1071
NACA-NASA-AMES-Hicks 63(1)-212 MODB    0.37451    0.12034    0.12359    0.01644    0.0204885    5.53043
NACA-NASA-AMES-Hicks 63(2)-215 MOD B    0.325    0.1503    0.11247    0.01599    0.0145249    3.40914
NACA0009    0.29873    0.09022    1    0    0.00514286    15.1368
NACA0012    0.29873    0.12004    1    0    0.0158437    15.8143
NACA0018    0.3    0.18006    1    0    0.030601    23.3332
NACA1408    0.3242    0.08469    0.362    0.0172    0.00345126    5.00531
NACA1412    0.30075    0.12006    0.41664    0.010055    0.0106094    15.5559
NACA2408    0.301    0.08005    0.41661    0.020055    0.0053237    10.3765
NACA2410    0.30125    0.10007    0.4166    0.01991    0.00787103    12.919
NACA2411    0.30727    0.11067    0.409    0.02456    0.0144081    14.9291
NACA2415    0.29872    0.15042    0.40245    0.019585    0.0259748    23.4313
NACA2418    0.31429    0.18056    0.38572    0.01927    0.0357972    28.4636
NACA3412    0.29872    0.11997    0.40245    0.02986    0.00414991    20.2878
NACA4309    0.28568    0.09048    0.32859    0.040015    0.0108947    14.289
NACA4409    0.29872    0.0901    0.41322    0.039705    0.00656842    15.6274
NACA4412    0.31666    0.12121    0.41669    0.039055    0.0187548    17.3061
NACA4415    0.31667    0.15095    0.4167    0.0392    0.027444    19.2864
NACA4418    0.31666    0.18121    0.41671    0.03903    0.0378483    23.0785
NACA5412    0.33329    0.12172    0.4167    0.049165    0.018801    18.0732
NACA6306    0.22844    0.0614    0.32859    0.06003    0.00654923    8.67728
NACA6409 9%    0.28109    0.09255    0.42216    0.059365    0.0122212    12.5036
NACA6409    0.28109    0.09255    0.42216    0.059365    0.0122212    12.5036
NACA6412    0.27972    0.12499    0.449    0.058245    0.0222112    22.6608
ONERA NACA CAMBRE    0.31217    0.11518    0.16542    0.013885    0.0135911    15.0377
S1010 HPV airfoil    0.23322    0.06022    1    0    0.00414857    4.29517
S1010    0.23322    0.06022    1    0    0.00414857    4.29517
S1012    0.38582    0.12026    1    0    0.0116053    5.08961
S1014    0.42222    0.16508    1    0    0.014884    5.84144
S1016    0.39377    0.17504    1    0    0.0183411    6.79943
S1020    0.38308    0.15581    0.48745    0.04454    0.0108205    8.96643
S1046 17% (Danny Howell)    0.28604    0.17028    1    0    0.0119002    5.96292
S1048 14% (Danny Howell)    0.29227    0.14    1    0    0.0072962    4.97911
S1091    0.18657    0.0684    0.51186    0.057605    0.00960685    8.38513
S1210 12%    0.31521    0.13885    0.66812    0.058615    0.0180518    2.11956
S1221  w-o flap    0.25689    0.12584    0.64956    0.04397    0.017429    2.38473
S1223 RTL    0.19154    0.14207    0.54164    0.083165    0.0272495    9.68654
S1223    0.27354    0.14959    0.6736    0.071605    0.0308713    4.64327
S2027-145-83    0.31428    0.14554    0.31428    0.02683    0.0140357    5.97603
S2027    0.3265    0.14558    0.3265    0.02703    0.00495378    4.55216
S2046    0.30703    0.09181    0.58817    0.023675    0.00390372    2.92654
S2048    0.36565    0.08686    0.52673    0.01825    0.00424936    4.19302
S2050 8,93%    0.31018    0.08955    0.34531    0.013365    0.00794359    2.82017
S2055    0.35972    0.08008    0.40869    0.01697    0.00656998    4.82469
S2060 8%    0.30186    0.08091    0.45928    0.01819    0.00714341    4.24524
S2062 8%    0.31274    0.08068    0.44589    0.01746    0.00644884    4.24524
S2091-101-83    0.28182    0.10383    0.40643    0.039665    0.013364    2.77417
S2091    0.26043    0.10022    0.40643    0.039425    0.000833153    5.11799
S3002    0.29472    0.099    0.4482    0.030465    0.00149182    4.51058
S3010-103-84    0.2818    0.10449    0.37266    0.0268    0.0105195    2.78402
S3010    0.2604    0.10338    0.38438    0.028255    0.010013    4.07613
S3014-095-85    0.30492    0.09528    0.39841    0.025255    0.00541654    4.7868
S3014    0.29354    0.09436    0.41053    0.025985    0.000624098    6.2047
S3016-095-87    0.30089    0.09563    0.38265    0.021115    0.00846762    4.79634
S3016    0.30189    0.09605    0.42064    0.01893    0.00831069    6.49592
S3021-095-84    0.29999    0.09587    0.3919    0.02835    0.00605673    5.44109
S3021    0.2892    0.09473    0.39191    0.02938    0.00574709    8.45873
S30249,84%    0.31854    0.1005    0.44741    0.03307    0.0080856    4.02273
S3025 9,38%    0.29807    0.09624    0.4248    0.03319    0.00818629    5.43095
S4022    0.3751    0.11682    0.50567    0.03886    0.000953694    8.52501
S4053    0.33156    0.09071    0.42569    0.029235    0.00480255    6.69762
S4061-096-84    0.29784    0.1001    0.45918    0.036015    0.00920107    2.10825
S4061    0.27631    0.09529    0.43532    0.0393    0.00118028    5.19997
S4062-095-87    0.31661    0.0995    0.48012    0.041275    0.0103263    2.07368
S4062    0.29465    0.09483    0.48012    0.040825    0.00784885    4.80989
S4080    0.28663    0.08059    0.41448    0.02777    0.00457724    13.5938
S4081    0.27511    0.08058    0.4009    0.027655    0.00429054    14.1104
S4082    0.24556    0.0855    0.3911    0.033195    0.00647464    12.9918
S4083 (8%)    0.24562    0.0832    0.37929    0.0328    0.00573733    13.5467
S5010-98    0.28756    0.09872    0.29862    0.022195    0.00676662    4.3214
S5010    0.28663    0.09827    0.28663    0.023005    0.00878942    3.53229
S5020-84    0.27891    0.08431    0.27891    0.026295    0.00782095    3.45858
S5020    0.27803    0.08403    0.26757    0.026545    0.00494482    2.89858
S6061 9%    0.32854    0.09038    0.37562    0.018305    0.00647853    3.48622
S6062 8%    0.3173    0.07978    0.37626    0.016725    0.00613835    2.86017
S6063 7,05%    0.29396    0.07002    0.38877    0.01505    0.00552641    2.20115
S7012 8,75%    0.29961    0.08817    0.35704    0.019115    0.00517602    2.90874
S7055 (10,5%) Flat-Bottomed    0.31754    0.10634    0.38601    0.03533    0.00471201    8.88741
S7075 (9%)    0.31223    0.09208    0.46782    0.029745    0.00590482    3.6635
S8025 (8%)    0.22857    0.07982    0.15069    0.00586    0.00832214    1.39718
S8035-17,5%    0.29111    0.17504    1    0    0.0172288    6.73292
S8035forRCaerobatic14%thick    0.29111    0.14004    1    0    0.0111086    4.49149
S8037 (16%)    0.35756    0.16009    0.32361    0.024335    0.0163589    14.6854
S8038 (13%)    0.32917    0.12996    0.20874    0.01044    0.00839001    11.7804
S8052 (11,88%)    0.34525    0.119    0.33344    0.015885    0.00927013    4.33933
S8055 (12%)    0.36275    0.12023    0.39872    0.01969    0.011729    3.36283
SD2030-086-88    0.35488    0.08631    0.45282    0.02189    0.00553821    5.4671
SD2030    0.34312    0.08567    0.4653    0.02234    0.00610719    6.38167
SD2083 (9,0%)    0.34017    0.0908    0.44755    0.027505    0.00511812    6.87889
SD5060 (9,5%)    0.27115    0.09604    0.44748    0.02244    0.00637278    2.1153
SD6060-104-88    0.35038    0.10377    0.35038    0.019415    0.00722602    4.03771
SD6060-104-88~1    0.35038    0.10377    0.35038    0.019415    0.00722602    4.03771
SD6080 (9,2%)    0.30859    0.09456    0.43544    0.034835    0.00803679    3.54749
SD7003-085-88    0.25458    0.08541    0.32243    0.015425    0.00854982    3.5895
SD7003    0.2554    0.0858    0.35942    0.01265    0.00774371    4.16754
SD7032-099-88    0.28778    0.10186    0.40222    0.03652    0.012325    2.82017
SD7032    0.27691    0.09906    0.43849    0.0356    0.00946059    5.21235
SD7034    0.2815    0.10764    0.39394    0.03962    0.0135842    2.77417
SD7037    0.29412    0.09397    0.43524    0.02803    0.00832703    3.46363
SD7043 (9,1%)    0.28847    0.09409    0.46512    0.03497    0.0126603    2.89022
SD7062 (14%)    0.28663    0.14152    0.34159    0.04024    0.0257877    4.64449
SD7080 (9,2%)    0.3004    0.09258    0.40679    0.023685    0.00650682    3.50438
SD7084 (9,6%)    0.30653    0.09671    0.36486    0.022785    0.00539323    5.32739
SD7090 (10%)    0.29269    0.1004    0.35092    0.01884    0.00755041    7.29241
SD8000-089-88    0.29395    0.0894    0.45137    0.017345    0.00886134    4.17502
SD8000    0.28376    0.08985    0.50353    0.015095    0.00778682    4.25523
SD8020    0.28691    0.1011    1    0    0.00649114    8.9943
SD8040 (10%)    0.29706    0.10113    0.40296    0.025035    0.0141701    3.46231
SD8040    0.28708    0.10165    0.42888    0.02277    0.0173741    4.86354
WORTMANN FX 049-915    0.33037    0.14931    0.33037    0.058885    0.0155028    22.8838
WORTMANN FX 05-188    0.39625    0.18861    0.52615    0.026275    0.0178981    9.90525
WORTMANN FX 05-191    0.39624    0.19155    0.53919    0.02627    0.0141524    7.02447
WORTMANN FX 05-H-126    0.35819    0.12633    0.37059    0.04393    0.0123379    10.6023
WORTMANN FX 057-816    0.38507    0.16249    0.39956    0.051545    0.0169423    6.22846
WORTMANN FX 08-S-176    0.38344    0.1757    0.35819    0.056945    0.0106283    12.3415
WORTMANN FX 082-512    0.25    0.118    0.65627    0.041695    0.00787656    12.1653
WORTMANN FX 2    0.46084    0.20481    0.71506    0.038095    0.0114796    20.0793
WORTMANN FX 3    0.47388    0.2002    0.72694    0.042115    0.0107572    2.77158
WORTMANN FX 60-126-1    0.28566    0.12765    0.55718    0.03793    0.0137356    4.70504
WORTMANN FX 60-126    0.28879    0.12679    0.58679    0.0344    0.0147968    6.18862
WORTMANN FX 61-140    0.35714    0.14052    0.28566    0.025205    0.0191945    7.63101
WORTMANN FX 62-K-131-17    0.4    0.13216    0.44287    0.03883    0.00961317    3.25561
WORTMANN FX 62-K-131    0.40245    0.13133    0.4891    0.038375    0.00753801    -13.2656
WORTMANN FX 63-100    0.3    0.10279    0.5429    0.041805    0.0171834    7.59942
WORTMANN FX 63-120    0.3    0.12264    0.58576    0.05065    0.0190551    5.61643
WORTMANN FX 63-137    0.30866    0.13856    0.55442    0.0584    0.0175336    18.8046
WORTMANN FX 66-17A-175    0.32907    0.17539    0.39184    0.041575    0.00490795    1.57655
WORTMANN FX 66-17AII-182    0.35283    0.18848    0.38961    0.036675    0.00964562    18.1326
WORTMANN FX 71-089A    0.23147    0.0894    1    0    0.018375    10.3566
WORTMANN FX 71-120    0.25    0.11986    1    0    0.0242004    10.3245
WORTMANN FX 72-MS-150A    0.36014    0.15029    0.47822    0.08346    0.0218777    1.44413
WORTMANN FX 72-MS-150B    0.36014    0.15029    0.47822    0.097285    0.0186202    0
WORTMANN FX 77-W-153    0.28912    0.15267    0.27916    0.044875    0.00985092    9.5952
WORTMANN FX 77-W-258    0.31923    0.26174    0.26951    0.043375    0.0918247    0.493407
WORTMANN FX 77-W-343    0.32945    0.34424    0.25988    0.04706    0.462454    15.386
WORTMANN FX 79-K-144-17    0.42398    0.14395    0.41321    0.02777    0.00977665    6.2399
WORTMANN FX L V-152    0.37056    0.1528    0.0096    0.0034    0.00950042    28.7048
WORTMANN FX M2    0.19562    0.08441    0.31887    0.047265    0.0242383    1.52527
WortmannFX74-CL5-140Modified    0.28281    0.13088    0.40389    0.097305    0.0114568    20.9775
CLARK Y    0.3    0.117    0.4286    0.032895    0.0103216    15.5623
RAF 6    0.336    0.0997    0.3306    0.0459    0.0045    22.44        
E 63     0.219    0.0427    0.5157    0.0541    0.0021    5.84