AG 03    0    1.19064    68.4142    -0.0298425    
AG 04    1    1.14688    66.7093    -0.0311975    
AG 09    2    1.00573    64.4619    -0.0275973    
AG 10    3    1.06937    60.4152    -0.0246955    
AG 11    4    1.2373    67.5976    -0.0306313    
AG 16    5    1.13804    72.0841    -0.0467618    
AG 17    6    1.14936    72.2778    -0.0476564    
AG 18    7    1.15974    72.7463    -0.0497633    
AG 19    8    1.1671    73.4489    -0.050384    
AG 24    9    1.25094    79.6642    -0.0593446    
AG 25    10    1.20231    80.5716    -0.0621295    
AG 26    11    1.27551    80.8236    -0.0611208    
AG12 New SuperGee DLG by Mark Drela    12    1.13197    69.5296    -0.0417786    
AG13NewSuperGeeDLGbyMarkDrela    13    1.13528    70.1195    -0.0437772    
AG14 New SuperGee DLG by Mark Drela    14    1.14609    70.3186    -0.0446854    
AG455ct-02f rot, New SuperGee DLG by Mark Drela    15    1.18743    68.1238    -0.0261301    
AG47c-03fSuperGeeRCDLGbyMarkDrela    16    1.03833    58.0764    -0.015776    
AG47ct-02frotNewSuperGeeDLGbyMarkDrela    17    1.03682    57.4169    -0.0185898    
BELL-WORTMANN FX 69-H-083    18    1.06595    80.5831    -0.0315575    
BELL-WORTMANN FX 69-H-098    19    1.13655    69.2611    -0.0170891    
CJ 1    20    0.995296    54.3337    0.0409316    
CJ 2    21    1.07403    56.7941    0.00626857    
CJ 3309    22    1.06139    73.1571    0.00742694    
CJ 4    23    1.1266    74.0709    -0.00321674    
CJ 5    24    1.11744    69.169    -0.00423934    
CJ 6    25    1.07764    54.0198    0.00530539    
CLARK K    26    1.25675    87.3317    -0.0772212    
CLARK V    27    1.27628    94.1387    -0.0992292    
CLARK W    28    1.28744    85.0252    -0.0837137    
CLARK X    29    1.25056    88.5373    -0.0790032     
CLARK YH    30    1.13163    75.8863    -0.0337643    
CLARK YM-15    31    1.32892    75.8432    -0.088969    
CLARK Z    32    1.35414    86.3181    -0.0817786    
CLARK-Y2    33    1.24756    85.6059    -0.0822268    
CLARKY15    34    1.33037    77.1333    -0.0836539    
CLARKY18    35    1.29065    69.4338    -0.089115    
FX 60-100 (126)    36    1.34379    92.8689    -0.112117    
FX 60-100    37    1.45267    97.6423    -0.111475    
FX 60-126-1    38    1.49052    96.0586    -0.121279    
FX 60-157    39    1.30917    68.3316    -0.103269    
FX 60-160    40    1.08529    82.4859    -0.0945837    
FX 60-177    41    1.25676    60.4646    -0.0858568    
FX 61-140    42    1.34195    80.2922    -0.103942    
FX 61-147    43    1.4579    83.0582    -0.111041    
FX 61-163    44    1.41548    84.7732    -0.0979076    
FX 61-168    45    1.45946    86.356    -0.110061    
FX 61-184    46    1.44059    85.5989    -0.115897    
FX 62-K-153-20    47    1.38932    96.4037    -0.160324    
FX 63-100    48    1.50946    109.408    -0.144543    
FX 63-110    49    1.50186    105.598    -0.141161    
FX 63-120    50    1.58919    110.56    -0.168094    
FX 63-13713,7%smoothed    51    1.70947    106.155    -0.201702    
FX 63-143    52    1.21917    85.0535    -0.0510761    
FX 63-145    53    1.44182    76.3667    -0.117454    
FX 63-158    54    1.46606    83.9542    -0.124412    
FX 66-17AII-182    55    1.47437    88.6398    -0.0837962    
FX 66-S-161    56    1.49129    93.2566    -0.0942471    
FX 66-S-171    57    1.5118    91.0729    -0.0907973    
FX 66-S-196    58    1.48717    82.9634    -0.0976507    
FX 67-K-150-17    59    1.24794    97.8402    -0.105697    
FX 67-K-170-17    60    1.39637    81.1498    -0.102857    
FX 71-L-150-20    61    0.970459    48.1625    0.00214929    
FX 71-L-150-25    62    0.957863    48.7611    0.00315281    
FX 71-L-150-K30    63    0.970465    48.1612    0.00214873    
FX 74-Cl5-140MOD(smoothed)    64    2.15001    95.2967    -0.253819    
FX S 02-1-158    65    1.32049    89.6887    -0.0910496    
FX S 02-196    66    1.26713    80.1849    -0.108282    
FX S 03-182    67    1.17616    80.5914    -0.113556    
FX05H126    68    1.29112    91.4649    -0.0321152    
FX60-10010,0%smoothed    69    1.44384    98.4804    -0.111242    
FX60-126    70    1.45688    91.4937    -0.107769    
FX62K131    71    1.32283    50.509    -0.136364    
FX74-140    72    2.026    89.0286    -0.229537    
FX74_CL5_140    73    2.13646    78.1322    -0.248189    
FX76MP12    74    1.76613    117.648    -0.219789    
FX76MP14    75    1.74682    111.669    -0.202092    
FX76MP16    76    1.59575    102.586    -0.162142    
GOE 100 (SOPWITH)    77    0.970025    83.2243    -0.0772366    
GOE 101    78    1.19554    91.5988    -0.0657429    
GOE 10K    79    0.496512    68.8667    -0.0571534    
GOE 113    80    1.02133    81.8362    -0.0587921    
GOE 115 (MVA MK,2)    81    1.05884    92.0883    -0.0869032    
GOE 116 (MVA MK,3)    82    0.979085    77.004    -0.0997245    
GOE 117 (MVA MK,4)    83    1.22174    92.5236    -0.0991741    
GOE 118 (MVA MK,7)    84    1.10757    98.476    -0.126615    
GOE 11K    85    1.04067    87.6627    -0.101089    
GOE 121 (MVA H,1)    86    1.39382    88.7762    -0.0982424    
GOE 122 (MVA H,2)    87    1.31699    85.9404    -0.0614576    
GOE 123    88    1.42405    107.721    -0.109644    
GOE 124 (MVA H,4)    89    1.55901    99.1266    -0.110994    
GOE 12K    90    1.11122    80.2841    -0.102534    
GOE 133 (MVA H,11)    91    1.4273    88.8917    -0.0807082    
GOE 134 (MVA H,12)    92    1.39851    82.692    -0.0735503    
GOE 137 (MVA H,15)    93    1.31355    91.4165    -0.0800628    
GOE 13K    94    1.16124    53.9788    -0.108348    
GOE 14    95    1.63277    80.7173    -0.0890138    
GOE 140 (MVA H,17)    96    1.40468    85.8209    -0.0926287    
GOE 142 (MVA H,19)    97    1.34949    85.0195    -0.0708584    
GOE 143 (MVA H,20)    98    1.34958    82.8843    -0.0706823    
GOE 144 (MVA H,21)    99    1.29254    92.313    -0.0924286    
GOE 147 (MVA H,6)    100    1.33134    74.6718    -0.0517098    
GOE 14K    101    1.04466    75.3855    -0.117934    
GOE 15    102    1.58471    94.2172    -0.0985356    
GOE 164 (MVA MK,10)    103    1.48647    92.5453    -0.146372    
GOE 165 (MVA MK,11)    104    1.40758    76.6944    -0.145487    
GOE 167 (V,KARMAN PROP,2)    105    1.36826    92.0493    -0.0818786    
GOE 173 (ALBATROS 6020)    106    1.4259    92.6423    -0.114433    
GOE 174 (ALBATROS 5020)    107    1.49286    88.2332    -0.106484    
GOE 176 (ALBATROS 7020)    108    1.48485    84.711    -0.116462    
GOE 177    109    1.24002    84.6154    -0.089841    
GOE 180 (MVA H,26)    110    1.40667    92.3613    -0.0893619    
GOE 182 (MVA H,27)    111    1.55752    79.4403    -0.0885478    
GOE 184 (MVA H,29)    112    1.44697    92.8901    -0.0960366    
GOE 187 (SCH-TTE-LANZ 2U10)    113    1.30606    88.5964    -0.0788612    
GOE 188 (SCH-TTE-LANZ 3U10)    114    1.28942    85.6519    -0.0712777    
GOE 190 (MVA MK,18)    115    1.56665    85.7752    -0.120804    
GOE 195    116    1.46505    100.331    -0.123723    
GOE 198 (L,F,G, 5294)    117    1.56414    98.5225    -0.139602    
GOE 217 (MVA MK,12)    118    1.76251    81.5913    -0.161477    
GOE 222 (MVA H,33)    119    1.73407    83.9968    -0.200259    
GOE 223 (MVA H,34)    120    1.52409    82.2462    -0.150364    
GOE 225 (MVA H,35)    121    1.80817    99.1839    -0.207015    
GOE 226 (MVA H,36)    122    1.85005    96.06    -0.195465    
GOE 227 (MVA H,37)    123    1.8161    108.067    -0.214637    
GOE 228 (MVA H,38)    124    1.79474    81.2103    -0.176772    
GOE 229 (MVA H,39)    125    1.27662    50.6084    -0.157068    
GOE 233 (MVA CA4)    126    1.7851    101.533    -0.205874    
GOE 234 (MVA CA5)    127    1.8499    90.9225    -0.231683    
GOE 235 (SCH-TTE-LANZ)    128    1.33647    64.2155    -0.0576287    
GOE 238 (HANSA-BRANDENBURG)    129    1.41599    96.5786    -0.0633628    
GOE 239 (MVA H,31)    130    1.65445    97.8746    -0.141139    
GOE 240 (KOLLER)    131    1.39074    96.5411    -0.101821    
GOE 241 (MVA PR,1)    132    1.81984    79.1978    -0.209835    
GOE 242 (MVA PR,2)    133    1.8222    95.0348    -0.216456    
GOE 243 (MVA PR,3)    134    1.82459    83.5437    -0.227367    
GOE 244 (MVA PR,4)    135    1.99838    84.1693    -0.252888    
GOE 255 (MVA CA,6)    136    1.40337    87.1907    -0.111726    
GOE 256 (JUNKERS E)    137    1.37383    80.1372    -0.114858    
GOE 257    138    1.31098    85.5121    -0.077592    
GOE 264    139    1.42293    91.5239    -0.111593    
GOE 265    140    1.687    95.2076    -0.113626    
GOE 269    141    1.49283    92.3779    -0.0943296    
GOE 274 (DAIMLER V)    142    1.4954    85.1909    -0.111277    
GOE 275 (DAIMLER VI)    143    1.43815    84.7411    -0.0793369    
GOE 276 (DAIMLER VII)    144    1.38752    84.6681    -0.0889693    
GOE 277 (DAIMLER VIII)    145    1.37197    85.5804    -0.0783481    
GOE 278 (DAIMLER IX)    146    1.35211    83.9265    -0.0783653    
GOE 279 (DAIMLER X)    147    1.47991    90.7628    -0.0989261    
GOE 280 (DAIMLER XI)    148    1.32042    84.3096    -0.0873445    
GOE 281 (DAIMLER XII)    149    1.32679    91.0368    -0.0912565    
GOE 282 (DAIMLER XIII)    150    1.39543    89.3558    -0.112409    
GOE 284    151    1.46036    84.4607    -0.0868162    
GOE 285    152    1.37223    75.0863    -0.0567274    
GOE 286    153    1.40646    80.5595    -0.0636761    
GOE 287    154    1.29805    91.3436    -0.0747036    
GOE 288    155    1.62741    83.0341    -0.128698    
GOE 289 (MVA 289)    156    1.48514    77.4201    -0.113957    
GOE 290 (MVA 290)    157    1.3622    81.5593    -0.0698629    
GOE 298    158    1.44875    80.0398    -0.0862569    
GOE 29B    159    1.61613    87.9681    -0.100491    
GOE 300 (FRIEDRICHSHAFEN G20)    160    1.58824    95.7555    -0.107538    
GOE 301 (FRIEDRICHSHAFEN G 13)    161    1.59348    95.2872    -0.130314    
GOE 303 (FRIEDRICHSHAFEN G03)    162    1.55551    97.8155    -0.118759    
GOE 304 (FRIEDRICHSHAFEN G02)    163    1.56089    104.3    -0.126168    
GOE 308 (MVA H,40)    164    1.21118    86.8608    -0.0697936    
GOE 309 (MVA H,41)    165    1.16294    84.6556    -0.0530446    
GOE 310 (MVA H,42)    166    1.21081    91.0657    -0.0836133    
GOE 311 (MVA H,43)    167    1.34697    97.0464    -0.0874855    
GOE 314 (HANSA-BRANDENBURG)    168    1.39063    82.7506    -0.0626005    
GOE 315 (HANSA-BRANDENBURG III,5)    169    1.27366    85.2052    -0.0550937    
GOE 316 (HANSA-BRANDENBURG IV,5)    170    1.41448    83.1604    -0.0538934    
GOE 318 (HANSA-BRANDENBURG VI,5)    171    1.35635    80.9202    -0.0467484    
GOE 319 (HANSA-BRANDENBURG II)    172    1.50325    87.4395    -0.0819531    
GOE 320 (HANSA-BRANDENBURG II,1)    173    1.49813    73.1391    -0.0951559    
GOE 321 (HANSA-BRANDENBURG III,1)    174    1.46025    88.8833    -0.0706922    
GOE 322 (HANSA-BRANDENBURG IV,1)    175    1.51453    88.7418    -0.0918625    
GOE 323 (HANSA-BRANDENBURG V,1)    176    1.45948    90.3006    -0.054563    
GOE 324 (HANSA-BRANDENBURG)    177    1.54557    87.1964    -0.0621822    
GOE 325 (PFALZ 54)    178    1.36058    83.7443    -0.0830273    
GOE 326 (PFALZ 55)    179    1.36962    90.6719    -0.0812345    
GOE 328    180    1.34354    86.6385    -0.0766344    
GOE 329 (PFALZ 58)    181    1.50017    86.3126    -0.105675    
GOE 330 (PFALZ 59)    182    1.44419    90.5918    -0.118128    
GOE 331 (PFALZ 60)    183    1.64152    85.2948    -0.121302    
GOE 332 (PFALZ 61)    184    1.60854    100.23    -0.135617    
GOE 335 (D,F,W,)    185    1.28677    86.148    -0.087032    
GOE 336 (MVA H,44)    186    1.31001    92.0017    -0.0696662    
GOE 342    187    1.57158    98.8975    -0.147076    
GOE 344 (PFALZ 71)    188    1.24323    69.836    -0.0411079    
GOE 346 (FRIEDRICHSHAFEN-STAAKEN)    189    1.33648    91.1572    -0.0737373    
GOE 358    190    1.57605    91.565    -0.142839    
GOE 359    191    1.35529    97.0574    -0.109122    
GOE 360    192    1.47903    86.7209    -0.0931853    
GOE 361    193    1.36514    89.9406    -0.105263    
GOE 362    194    1.44291    96.1327    -0.103775    
GOE 363    195    1.50107    80.0824    -0.109382    
GOE 364    196    1.49257    89.9646    -0.099815    
GOE 365    197    1.33304    92.6232    -0.102605    
GOE 367    198    1.37329    78.8206    -0.0982983    
GOE 369    199    1.44434    98.4347    -0.0817513    
GOE 370    200    1.14365    109.347    -0.115457    
GOE 371    201    1.30968    95.5056    -0.0960563    
GOE 372    202    1.18605    95.0468    -0.098322    
GOE 373    203    1.33992    92.5032    -0.087672    
GOE 374    204    1.25789    86.791    -0.0636064    
GOE 375    205    1.34893    76.6654    -0.0573404    
GOE 376    206    1.31741    89.5516    -0.0814512    
GOE 377    207    1.16751    92.5635    -0.0799935    
GOE 379    208    1.15362    93.0574    -0.0841588    
GOE 380    209    1.25214    91.822    -0.0853254    
GOE 381    210    1.32777    94.1014    -0.0969287    
GOE 382    211    1.51727    73.5333    -0.0952974    
GOE 383    212    1.42563    74.3004    -0.0758119    
GOE 385    213    1.3536    85.6078    -0.0709313    
GOE 386    214    1.42965    73.4935    -0.0919032    
GOE 387    215    1.42624    84.4202    -0.103003    
GOE 388    216    1.55417    93.5485    -0.1121    
GOE 389    217    1.30418    86.388    -0.0806433    
GOE 390    218    1.55758    73.3013    -0.123745    
GOE 391    219    1.07532    99.3718    -0.0804922    
GOE 392    220    0.949665    91.6777    -0.123414    
GOE 393    221    1.3161    86.8867    -0.0452766    
GOE 394    222    1.45359    106.464    -0.110809    
GOE 395    223    1.53446    123.862    -0.148375    
GOE 396    224    1.07143    107.816    -0.112864    
GOE 397    225    1.11423    95.0606    -0.0737736    
GOE 398    226    1.35243    82.1797    -0.0929798    
GOE 399    227    1.24004    92.9999    -0.0820388    
GOE 400    228    1.37273    95.0702    -0.0738249    
GOE 401    229    1.35855    86.9431    -0.0645072    
GOE 402    230    1.39277    89.4522    -0.0916106    
GOE 403    231    1.2385    86.1381    -0.0901079    
GOE 404    232    1.46291    81.5111    -0.0701109    
GOE 405    233    1.38592    97.2377    -0.132847    
GOE 406    234    1.47057    85.8454    -0.118366    
GOE 407    235    1.36451    92.0733    -0.100522    
GOE 408    236    1.28393    89.8977    -0.0954977    
GOE 409    237    1.0451    42.3993    -0.0167974    
GOE 410    238    1.03058    50.0355    0.00367686    
GOE 411    239    0.761284    39.2038    -0.020162    
GOE 412    240    1.41319    98.4045    -0.11373    
GOE 413    241    1.51225    89.629    -0.107994    
GOE 414    242    1.33415    86.0405    -0.111888    
GOE 415    243    1.21449    80.2179    -0.0582971    
GOE 416A    244    1.14246    69.588    -0.0396296    
GOE 417    245    1.43416    93.6854    -0.112282    
GOE 418    246    1.33536    86.7635    -0.0861016    
GOE 419    247    0.795966    92.4659    -0.099612    
GOE 420    248    1.33918    77.95    -0.0871396    
GOE 421    249    1.57313    82.9453    -0.176962    
GOE 422    250    1.52646    82.5896    -0.130773    
GOE 423    251    1.38499    85.4207    -0.0857369    
GOE 424    252    1.45738    76.0435    -0.0781587    
GOE 425    253    1.50376    87.9335    -0.0809475    
GOE 426    254    1.47417    91.4424    -0.0873989    
GOE 427    255    1.23592    107.796    -0.117294    
GOE 428    256    1.26631    91.2533    -0.104641    
GOE 429    257    1.08353    53.5838    0.00147349    
GOE 430    258    1.52882    95.7071    -0.145609    
GOE 431    259    1.62989    93.7513    -0.194168    
GOE 432    260    1.37949    85.7725    -0.0796766    
GOE 433    261    1.54778    87.8904    -0.127274    
GOE 434    262    1.40369    79.2181    -0.135328    
GOE 435    263    1.41777    62.2811    -0.126968    
GOE 436    264    1.32888    80.1659    -0.0523524    
GOE 437    265    1.17698    92.6607    -0.0946602    
GOE 438    266    1.32763    79.717    -0.0607041    
GOE 439    267    1.24548    93.7866    -0.0997312    
GOE 441    268    1.89587    82.5116    -0.193754    
GOE 442    269    1.39445    86.1114    -0.0761904    
GOE 444    270    0.283421    28.51    -0.0142408    
GOE 445    271    0.618813    47.5964    -0.0212031    
GOE 446    272    1.5945    100.484    -0.150975    
GOE 447    273    1.68856    103.809    -0.171494    
GOE 448    274    1.82727    99.7168    -0.231658    
GOE 449    275    1.3508    83.701    -0.12588    
GOE 450    276    1.38123    103.911    -0.120012    
GOE 456    277    1.0635    103.46    -0.119961    
GOE 457    278    1.34329    85.0087    -0.0830321    
GOE 458    279    1.06133    103.543    -0.120024    
GOE 459    280    1.01295    51.6849    -0.0248588    
GOE 460    281    1.0045    47.8904    0.0160655    
GOE 464    282    1.77072    83.0311    -0.128467    
GOE 474    283    1.18619    89.4851    -0.0665606    
GOE 476    284    1.35878    90.2772    -0.094167    
GOE 477    285    1.24072    98.7116    -0.10813    
GOE 478    286    1.2803    84.7191    -0.0764881    
GOE 479    287    1.23541    86.929    -0.0805014    
GOE 480    288    1.4272    94.0539    -0.103599    
GOE 482    289    1.83389    87.3006    -0.189977    
GOE 483    290    1.25601    100.552    -0.102719    
GOE 484    291    1.40624    109.132    -0.133214    
GOE 488    292    1.1998    84.0569    -0.0794657    
GOE 490    293    1.17701    83.0353    -0.0738059    
GOE 491    294    1.08055    75.542    -0.0402142    
GOE 492    295    0.853538    96.9187    -0.0976732    
GOE 493    296    1.13721    89.4236    -0.0905603    
GOE 494    297    1.13391    115.42    -0.143992    
GOE 495    298    1.39688    114.811    -0.13561    
GOE 496    299    1.40486    104.783    -0.132702    
GOE 497    300    1.47697    99.9347    -0.136217    
GOE 498    301    1.46363    89.2151    -0.126224    
GOE 499    302    1.29423    120.672    -0.174856    
GOE 500    303    1.43187    109.675    -0.160551    
GOE 501    304    1.56042    99.1626    -0.162434    
GOE 502    305    1.55513    90.2304    -0.145814    
GOE 503    306    1.43788    81.6084    -0.123991    
GOE 504    307    1.32027    77.6708    -0.104478    
GOE 505    308    1.29271    66.2747    -0.105809    
GOE 506    309    1.24768    57.6282    -0.0737277    
GOE 507    310    1.14759    86.1084    -0.0674002    
GOE 508    311    1.28853    86.915    -0.10044    
GOE 509    312    1.33588    80.7348    -0.0723555    
GOE 511    313    1.50235    63.9735    -0.0883943    
GOE 512    314    1.33756    72.3264    -0.0874944    
GOE 515    315    1.13304    89.6823    -0.0698459    
GOE 517    316    1.21434    93.6733    -0.0812472    
GOE 522    317    1.29154    65.7912    -0.0914703    
GOE 523    318    1.93203    87.4423    -0.260214    
GOE 525    319    1.93203    87.4423    -0.260214    
GOE 527    320    1.40468    83.8749    -0.0865594    
GOE 528    321    1.52306    90.9273    -0.102986    
GOE 529    322    1.42855    97.2404    -0.100687    
GOE 530    323    1.34602    79.073    -0.0882001    
GOE 532    324    1.43917    87.9687    -0.0861572    
GOE 533    325    1.49138    87.7483    -0.0926804    
GOE 534    326    1.49692    77.4368    -0.084487    
GOE 535    327    1.56672    80.9037    -0.107025    
GOE 546    328    1.2136    93.8372    -0.0887568    
GOE 547    329    1.19483    101.857    -0.109835    
GOE 548    330    0.950579    86.266    -0.0872178    
GOE 549    331    1.41622    88.8821    -0.0853885    
GOE 550    332    1.37424    89.5199    -0.101294    
GOE 553    333    1.51319    87.1873    -0.0927143    
GOE 561    334    1.36968    47.3962    -0.101666    
GOE 562    335    1.43044    83.7337    -0.107806    
GOE 563    336    1.14647    82.1301    -0.0598681    
GOE 564    337    1.16848    86.6551    -0.0772784    
GOE 565    338    1.18855    87.9479    -0.078043    
GOE 566    339    1.16202    80.336    -0.0599346    
GOE 567    340    1.49155    96.2781    -0.128989    
GOE 57    341    1.3952    89.4894    -0.107809    
GOE 573    342    1.5268    80.0315    -0.102704    
GOE 574    343    1.11721    84.7254    -0.0931258    
GOE 584    344    1.35794    93.5641    -0.0886085    
GOE 585    345    1.23364    80.1206    -0.0789032    
GOE 587    346    0.818312    75.7849    -0.0530952    
GOE 590    347    0.879217    76.7175    -0.0513245    
GOE 591    348    1.3764    90.7327    -0.092694    
GOE 592    349    1.55164    94.695    -0.139631    
GOE 593    350    1.30175    87.3257    -0.0911389    
GOE 595    351    1.13    87.8561    -0.0839967    
GOE 596    352    1.24235    90.6878    -0.0706496    
GOE 598    353    0.818723    60.553    -0.0268109    
GOE 599    354    1.14541    68.7333    -0.0549075    
GOE 600    355    1.17343    79.8121    -0.0500894    
GOE 601    356    1.08473    73.6413    -0.074996    
GOE 602    357    1.16497    89.7504    -0.0844666    
GOE 604    358    1.42447    72.229    -0.066905    
GOE 612    359    1.32447    88.3486    -0.107104    
GOE 613    360    1.22604    83.4186    -0.0974955    
GOE 614    361    1.41423    72.7847    -0.110819    
GOE 615    362    1.37763    87.7115    -0.0978405    
GOE 617    363    1.08511    76.658    -0.056113    
GOE 619    364    1.31911    84.7652    -0.0996374    
GOE 620    365    1.36898    83.5292    -0.125294    
GOE 621    366    1.31957    88.3785    -0.107332    
GOE 622    367    1.13416    79.7418    -0.0543333    
GOE 623    368    1.36796    87.4747    -0.0772209    
GOE 624    369    1.52195    82.3169    -0.0924919    
GOE 625    370    1.53993    69.6942    -0.108586    
GOE 626    371    1.46006    78.276    -0.0989931    
GOE 627    372    1.26538    62.4762    -0.0848823    
GOE 628    373    1.47434    75.0464    -0.100128    
GOE 629    374    1.15188    80.8082    -0.0755953    
GOE 630    375    1.64604    87.3623    -0.138607    
GOE 632    376    1.28414    83.8404    -0.0785448    
GOE 633    377    1.32552    78.5159    -0.0543352    
GOE 645    378    1.38975    78.3801    -0.0778742    
GOE 646    379    1.30268    81.2087    -0.0982802    
GOE 647    380    1.45669    67.8561    -0.0765947    
GOE 648    381    1.31469    65.867    -0.0545111    
GOE 650    382    1.31703    90.5868    -0.113239    
GOE 652    383    1.91964    93.2407    -0.251305    
GOE 654    384    1.43964    79.3544    -0.0802754    
GOE 655    385    1.35141    75.2349    -0.0627572    
GOE 670    386    1.14971    89.7867    -0.0919423    
GOE 673    387    0.992221    87.2611    -0.0836366    
GOE 675    388    1.53366    87.9876    -0.134854    
GOE 676 (= M 12)    389    1.14161    74.8093    -0.0337299    
GOE 677 (= M 6)    390    1.13432    76.4507    -0.0259529    
GOE 679    391    1.25484    65.1471    -0.0695914    
GOE 681    392    1.28169    69.8572    -0.093832    
GOE 682    393    1.32958    91.4889    -0.0889013    
GOE 683    394    1.38916    70.1315    -0.0625908    
GOE 685    395    1.32273    84.8394    -0.0860684    
GOE 692    396    1.42606    90.7407    -0.114034    
GOE 693    397    1.26586    90.4259    -0.0837641    
GOE 701    398    1.28797    92.2232    -0.109609    
GOE 702    399    1.45752    70.6817    -0.0600779    
GOE 703    400    1.28741    68.2349    -0.0430833    
GOE 704    401    1.18911    66.3401    -0.0309508    
GOE 711    402    1.55602    73.3424    -0.12069    
GOE 723    403    1.26058    96.0958    -0.099889    
GOE 735    404    1.38692    64.8893    -0.0400012    
GOE 738    405    1.1734    73.7661    -0.0144558    
GOE 741    406    1.39488    79.9138    -0.0311016    
GOE 744    407    1.50568    76.8567    -0.0373296    
GOE 746    408    1.21889    88.8091    -0.0173712    
GOE 758    409    1.42287    89.249    -0.0859705    
GOE 766    410    1.11595    66.834    0.00179358    
GOE 767    411    1.14398    61.6691    0.00973259    
GOE 769    412    1.41041    70.5528    -0.0501087    
GOE 770    413    1.4015    70.0229    -0.0488111    
GOE 775    414    1.07273    52.4305    -0.00385824    
GOE 776    415    0.961332    43.065    0.0259355    
GOE 777    416    1.45462    71.1415    -0.0632924    
GOE 79 (PFALZ 11)    417    1.58888    86.1326    -0.0942129    
GOE 795    418    1.15781    85.3364    -0.0628717    
GOE 796    419    1.31098    90.8481    -0.0834174    
GOE 797    420    1.44756    90.2058    -0.116164    
GOE 798    421    1.4136    80.8    -0.128254    
GOE 801 (MVA 301)    422    1.57563    93.4838    -0.115582    
GOE 802    423    1.57563    93.4838    -0.115582    
GOE 803 (HACKLINGER)    424    1.72526    104.383    -0.153089    
GOE 804 (EA 8)    425    1.37029    127.582    -0.209497    
GOE 81    426    1.5763    100.003    -0.120499    
GOE 8K    427    1.24408    60.0451    -0.114553    
GOE 92    428    1.3354    84.5198    -0.0828395    
HN-003    429    1.28342    85.5576    -0.0734067    
HN-032    430    1.16589    77.9449    -0.0566204    
HN-033    431    1.19643    79.1954    -0.0600209    
HN-034    432    1.10356    81.4997    -0.0572669    
HN-035    433    1.17336    79.473    -0.0602181    
HN-036    434    1.10094    76.6537    -0.0539053    
HN-038    435    1.11237    80.8394    -0.0573159    
HN-1023    436    1.2618    86.1291    -0.0744223    
HN-1027    437    1.1845    92.942    -0.0813436    
HN-1029    438    1.21558    85.1601    -0.0671235    
HN-1033    439    1.24289    86.6756    -0.0711164    
HN-1033A    440    1.17444    82.4238    -0.0642944    
HN-1036    441    1.18738    78.0844    -0.0542862    
HN-1038    442    1.12177    73.6251    -0.0448546    
HN-1051    443    1.21561    79.9556    -0.05941    
HN-1054    444    1.16881    75.046    -0.0485526    
HN-1070    445    1.06367    72.2014    -0.0449485    
HN-153S    446    0.873441    48.3558    -0.00166215    
HN-163    447    1.18025    78.3989    -0.0549937    
HN-163TA    448    1.16947    76.511    -0.0508542    
HN-163TB    449    1.17782    79.5257    -0.0572654    
HN-184    450    1.17372    79.1703    -0.0550482    
HN-203    451    1.24734    86.0489    -0.0686439    
HN-211    452    1.11487    77.2581    -0.0512306    
HN-216    453    1.15218    81.6022    -0.0602245    
HN-217    454    1.21937    87.0899    -0.0731219    
HN-227    455    1.23425    86.3533    -0.07268    
HN-239    456    1.15666    84.9156    -0.066903    
HN-274S    457    0.909456    52.8421    0.000272135    
HN-275S    458    1.00513    55.2023    -0.00116395    
HN-276SA    459    1.02643    53.7986    -0.010402    
HN-304    460    1.28734    83.6522    -0.0704684    
HN-309    461    1.25191    80.2558    -0.0611772    
HN-311S    462    0.810904    39.016    -0.000848171    
HN-312S    463    0.992039    52.2224    -0.00189882    
HN-315S    464    0.896542    48.7504    -0.00186106    
HN-316S    465    0.992879    50.7802    -0.000204491    
HN-319    466    1.28971    82.925    -0.069921    
HN-321    467    1.06323    76.2058    -0.0479992    
HN-326    468    1.17346    72.55    -0.0462934    
HN-333    469    1.19799    82.6609    -0.0624299    
HN-350    470    1.13475    81.7937    -0.0604876    
HN-350M01    471    1.20526    80.5608    -0.0601066    
HN-350M02    472    1.24519    85.8988    -0.0725699    
HN-352    473    1.07728    75.4386    -0.0473906    
HN-354    474    1.12421    81.6087    -0.0599329    
HN-354A    475    1.19963    82.0195    -0.0619991    
HN-354E    476    1.15342    81.4833    -0.0599023    
HN-354ES    477    1.08691    75.5893    -0.0477283    
HN-354OC    478    1.27606    90.4192    -0.0828639    
HN-354SM    479    1.23899    86.6372    -0.072923    
HN-354SR    480    1.09618    77.0547    -0.0506129    
HN-360    481    1.1582    84.7306    -0.0669838    
HN-409    482    1.3051    86.0048    -0.0782304    
HN-411    483    1.29319    83.4335    -0.0700872    
HN-417    484    1.26173    81.0808    -0.0651492    
HN-418    485    1.25501    85.4996    -0.068678    
HN-419    486    1.26481    82.8072    -0.068348    
HN-424    487    1.28471    86.9555    -0.0731654    
HN-436    488    1.1593    76.5725    -0.0493707    
HN-446    489    1.15244    75.7242    -0.0529111    
HN-450    490    1.15212    78.7669    -0.0509164    
HN-450S    491    1.16249    78.1458    -0.0501065    
HN-462    492    1.06935    72.0933    -0.0411317    
HN-464    493    1.19541    83.3407    -0.0637567    
HN-465    494    1.21763    86.0814    -0.0701781    
HN-785    495    1.1202    81.0066    -0.0583588    
HN-785SR    496    1.03824    74.5464    -0.0454863    
HN-801    497    1.20198    82.2062    -0.062037    
HN-805    498    1.07177    75.6708    -0.0477257    
HN-832    499    1.29462    82.371    -0.0685318    
HN-951    500    1.20546    77.8752    -0.0516367    
HN-956    501    1.27998    80.184    -0.0635918    
HN-961SA    502    1.05747    55.7129    -0.00945125    
HN-971    503    1.29635    82.3881    -0.0705522    
HN-972    504    1.30458    84.2444    -0.076337    
HN-973    505    1.24431    87.3447    -0.074307    
HN-974    506    1.28935    85.6765    -0.069873    
HN-975    507    1.30177    86.931    -0.0735719    
HN-975TA    508    1.3128    87.6864    -0.0765134    
HN-976S    509    1.01726    57.6819    2.21177e-05    
HN-979    510    1.13926    84.5148    -0.0673628    
HN-980    511    1.17641    80.0728    -0.0515438    
HN-981    512    1.11537    81.6417    -0.0582937    
HN-989    513    1.1059    80.3238    -0.0554232    
HN-990    514    1.12098    80.833    -0.0583526    
HN-997A    515    1.18421    90.1412    -0.0790262    
HN-997B    516    1.2176    94.7915    -0.0894066    
HN-998    517    1.16614    100.011    -0.0963924    
HN-999    518    1.17514    101.554    -0.100806    
HN327    519    1.20668    75.4681    -0.0523039    
HN979D    520    0.935812    80.6711    -0.0554392    
MH 102    521    1.33648    77.6094    -0.0491441    
MH 104    522    1.21928    76.3902    -0.00710599    
MH 106    523    1.07232    71.3372    0.00569641    
MH 108    524    1.0881    67.6309    0.0144334    
MH 110    525    0.988711    60.4849    0.0232956    
MH 112    526    1.73198    98.7306    -0.185649    
MH 113    527    1.7296    103.841    -0.186803    
MH 114    528    1.71539    109.002    -0.187326    
MH 115    529    1.59848    109.579    -0.157627    
MH 116    530    1.34824    105.948    -0.112409    
MH 117    531    1.26672    88.9042    -0.0661625    
MH 18  11,14%    532    1.07913    90.423    -0.0374155    
MH 18    533    1.07913    90.423    -0.0374155    
MH 18B    534    1.01108    74.4224    -0.018496    
MH 20    535    1.09721    77.3978    -0.0161213    
MH 22  7,21%    536    0.957375    70.5232    -0.0190766    
MH 22- Mod,3    537    1.09919    68.6046    -0.00394537    
MH 22    538    0.957375    70.5232    -0.0190766    
MH 23    539    0.910214    71.5735    -0.040414    
MH 24    540    0.994062    74.5368    -0.0499465    
MH 25    541    1.05125    74.0861    -0.0645249    
MH 26    542    1.0421    77.2124    -0.0702349    
MH 27    543    1.02017    78.0886    -0.0821586    
MH 30    544    1.07256    75.0686    -0.0412428    
MH 31    545    1.11359    129.348    -0.0133249    
MH 32    546    1.19983    82.1704    -0.0559781    
MH 33    547    0.989444    65.1214    -0.0307581    
MH 34    548    1.06779    67.5016    -0.0408197    
MH 44    549    1.08506    68.7237    -0.0133828    
MH 45    550    1.14647    69.5937    -0.00623892    
MH 46    551    1.02762    73.5814    0.012144    
MH 49    552    0.983919    60.0232    0.0337459    
MH 6010,08%    553    1.16245    70.7072    -0.00902724    
MH 61    554    1.05475    71.4619    -0.00479216    
MH 62    555    1.11791    69.2354    -0.0104409    
MH 64    556    1.10383    67.5004    -0.0122985    
MH 78    557    1.1675    55.6686    0.0293184    
MH 91    558    1.13399    62.9696    0.0112264    
MH 92    559    1.13618    63.0725    0.010484    
MH 93    560    1.12661    63.1521    0.0128672    
MH428,94 %    561    1.14505    76.2803    -0.0264592    
MH438,5%    562    1.13576    75.4381    -0.0238709    
mhmi2    563    1.14767    67.8451    0.0201076    
mhmi3    564    1.13547    67.8334    0.015759    
NACA 11-H-09    565    1.19823    94.9408    -0.0249528    
NACA 1412    566    1.09651    65.3982    -0.0294406    
NACA 2 R 12    567    1.09495    75.6534    -0.0395629    
NACA 2,5411    568    1.17989    81.2086    -0.0555523    
NACA 23012  12%    569    1.17789    62.1235    -0.00153775    
NACA 6-H-10    570    1.07728    85.0014    -0.0343952    
NACA 6-H-15    571    1.31428    80.0625    -0.0611811    
NACA 63(2)-215 MOD B    572    1.18652    53.7381    -0.0095601    
NACA 63-015A    573    0.928058    58.0996    0.00635063    
NACA 63-018    574    0.872457    62.0199    0.000306564    
NACA 63-210    575    1.06075    58.1208    -0.0294497    
NACA 63-212    576    1.09994    71.7794    -0.027172    
NACA 63-215    577    1.00192    72.2427    -0.0331613    
NACA 63-412    578    1.1279    85.136    -0.0630828    
NACA 63012A    579    0.960993    49.4139    0.00235278    
NACA 63A010    580    0.731785    45.3278    -0.00438064    
NACA 63A018    581    0.898794    60.3202    0.0199319    
NAca 63A612    582    1.26127    102.839    -0.115243    
NACA 64(1)-212    583    1.08058    69.818    -0.0263542    
NACA 64-008A    584    0.628918    39.8056    -0.010715    
NACA 64-012A    585    0.887684    48.4472    0.00395181    
NACA 64-108    586    0.769765    56.5839    -0.0194233    
NACA 64-110    587    0.786717    50.5767    -0.0139846    
NACA 64-215    588    0.956208    72.5499    -0.0327951    
NACA 6409    589    1.22579    120.324    -0.157368    
NACA 6411    590    1.82086    103.176    -0.202641    
NACA 6412    591    1.54069    93.9252    -0.123917    
NACA 77 A    592    1.03344    49.7853    0.00790913    
NACA 8-H-12    593    1.16484    85.4913    -0.0115027    
NACA 97    594    1.62403    101.128    -0.159905    
NACA BR 63-55-12    595    1.16942    94.112    -0.084172    
NACA M10    596    0.876887    68.443    -0.0246702    
NACA M11    597    1.08477    74.8332    -0.0312479    
NACA M12    598    1.12472    75.6594    -0.0344469    
NACA M14    599    1.21917    89.1947    -0.0557881    
NACA M15    600    1.32662    84.7686    -0.0507124    
NACA M16    601    0.973087    79.7602    -0.0287129    
NACA M18    602    1.33213    85.5176    -0.0370273    
NACA M2    603    0.856313    39.5283    0.00125286    
NACA M21    604    1.47762    86.3114    -0.0607912    
NACA M24    605    1.47924    83.6602    -0.0499534    
NACA M3    606    1.01966    48.8237    -0.0170572    
NACA M4    607    0.925106    66.5849    -0.00219837    
NACA M5    608    1.07657    67.2894    -0.00451042    
NACA M6    609    1.11559    76.2852    -0.0201945    
NACA M8    610    1.50431    78.9298    -0.0609825    
NACA-CYH    611    1.23059    76.0356    -0.0300551    
NACA-K6E    612    1.26225    86.2314    -0.109486    
NACA-K6M    613    1.27393    93.7436    -0.0923618    
NACA-NASA-AMES-Hicks 63(1)-212 MODB    614    1.19705    54.1599    -0.0127267    
NACA-NASA-AMES-Hicks 63(2)-215 MOD B    615    1.18652    53.7381    -0.0095601    
NACA0009    616    0.988098    48.5883    -0.0177393    
NACA0012    617    1.01639    53.4696    -0.0119128    
NACA0018    618    1.03652    56.9713    -0.0156155    
NACA1408    619    0.992989    73.6239    -0.00657495    
NACA1412    620    1.11041    65.193    -0.0297268    
NACA2408    621    1.10477    76.1876    -0.0493687    
NACA2410    622    1.19125    77.47    -0.0485957    
NACA2411    623    1.17989    81.2086    -0.0555523    
NACA2415    624    1.11632    73.1175    -0.0523902    
NACA2418    625    1.10406    70.3471    -0.0680121    
NACA3412    626    1.22864    82.3475    -0.0660585    
NACA4309    627    1.26431    86.0774    -0.0694081    
NACA4409    628    1.28602    93.0705    -0.0896808    
NACA4412    629    1.32425    89.699    -0.0889615    
NACA4415    630    1.39125    84.7274    -0.0874352    
NACA4418    631    1.3676    78.6966    -0.0822994    
NACA5412    632    1.45231    94.0038    -0.108862    
NACA6306    633    1.29811    92.1699    -0.113336    
NACA6409 9%    634    1.43666    102.94    -0.139789    
NACA6409    635    1.43666    102.94    -0.139789    
NACA6412    636    1.57407    95.9779    -0.133224    
ONERA NACA CAMBRE    637    1.1356    61.6464    -0.0126588    
S1010 HPV airfoil    638    0.828104    43.524    0.00343969    
S1010    639    0.828104    43.524    0.00343969    
S1012    640    0.977558    43.7963    0.0199386    
S1014    641    0.846148    37.6548    0.0123791    
S1016    642    0.807769    35.376    0.0446481    
S1020    643    1.52488    101.251    -0.155711    
S1046 17% (Danny Howell)    644    1.06758    64.1673    0.00242161    
S1048 14% (Danny Howell)    645    1.01234    64.3541    -0.00274269    
S1091    646    1.54552    110.87    -0.134835    
S1210 12%    647    1.93425    101.85    -0.239965    
S1221  w-o flap    648    1.82821    86.3454    -0.151464    
S1223 RTL    649    2.16211    71.7874    -0.247519    
S1223    650    2.16083    85.2287    -0.272558    
S2027-145-83    651    1.19487    81.7994    -0.0473653    
S2027    652    1.33917    82.9572    -0.056343    
S2046    653    1.33896    89.0694    -0.0847975    
S2048    654    1.20004    84.6986    -0.0681096    
S2050 8,93%    655    1.20449    71.6847    -0.0487203    
S2055    656    1.13818    77.9017    -0.0486774    
S2060 8%    657    1.16535    79.5732    -0.0577251    
S2062 8%    658    1.10822    78.0465    -0.0538778    
S2091-101-83    659    1.43945    90.8651    -0.0768133    
S3010-103-84    660    1.32362    81.4697    -0.0497888    
S3010    661    1.33985    81.7808    -0.0500783    
S3014-095-85    662    1.22191    79.6069    -0.0414975    
S3021    663    1.22189    85.7501    -0.051242    
S30249,84%    664    1.25212    85.9566    -0.0505769    
S3025 9,38%    665    1.25998    94.1261    -0.0731881    
S4022    666    1.27302    92.1978    -0.0757345    
S4053    667    1.45618    111.211    -0.154807    
S4061-096-84    668    1.24576    93.4244    -0.0677762    
SD2030    669    1.32616    98.1343    -0.0814948    
SD2083 (9,0%)    670    1.22828    87.5021    -0.0631736    
SD5060 (9,5%)    671    1.19046    91.8944    -0.0615826    
SD6060-104-88    672    1.27446    77.6246    -0.0475259    
SD6060-104-88~1    673    1.12009    80.574    -0.033109    
SD6080 (9,2%)    674    1.12009    80.574    -0.033109    
SD7003-085-88    675    1.28845    95.617    -0.076918    
SD7003    676    1.21113    67.0125    -0.031383    
SD7032-099-88    677    1.16002    61.8277    -0.0320602    
SD7032    678    1.43901    90.3257    -0.0880146    
SD7034    679    1.36407    89.8458    -0.0892879    
SD7037    680    1.43564    90.8619    -0.0762236    
SD7043 (9,1%)    681    1.31596    85.8109    -0.0713787    
SD7062 (14%)    682    1.41427    94.8457    -0.0904507    
SD7080 (9,2%)    683    1.47172    83.1213    -0.0782463    
SD7084 (9,6%)    684    1.27132    79.348    -0.0580703    
SD7090 (10%)    685    1.19995    75.0819    -0.0454174    
SD8000-089-88    686    1.21574    71.9544    -0.0412062    
SD8000    687    1.2151    71.3658    -0.0445961    
SD8020    688    1.10123    66.3362    -0.0461814    
SD8040 (10%)    689    0.994241    53.283    -0.008191    
WORTMANN FX 049-915    690    1.30041    79.2698    -0.0568648    
WORTMANN FX 05-188    691    1.48103    60.7544    -0.0598079    
WORTMANN FX 05-191    692    1.26328    78.0684    -0.0951382    
WORTMANN FX 05-H-126    693    1.20991    71.7415    -0.0819508    
WORTMANN FX 057-816    694    1.29111    91.4584    -0.0321033    
WORTMANN FX 08-S-176    695    0.530635    14.799    -0.0699738    
WORTMANN FX 082-512    696    1.39342    81.8715    -0.0712274    
WORTMANN FX 2    697    1.37687    69.3872    -0.175997    
WORTMANN FX 3    698    1.10553    43.4743    -0.0812592    
WORTMANN FX 60-126-1    699    1.04844    35.191    -0.0721656    
CLARK Y    700    1.25056    88.5373    -0.0790032 
RAF 6    701    1.5    75.5373    -0.1135
E 63    702    1.4    111    -0.1888