5000
-10   -9   -8   -7   -6   -5   -4   -3   -2   -1   0   1   2   3   4   5   6   7   8   9   10   11   12   13   
-0.431767   -0.399993   -0.372753   -0.353583   -0.352002   -0.356884   -0.30282   -0.23329   -0.158347   -0.0799171   -4.38599e-10   0.0799196   0.158357   0.233316   0.302876   0.356995   0.352167   0.353875   0.373148   0.400467   0.432306   0.467148   0.504065   0.542284   
0.116783   0.103889   0.0908835   0.0778655   0.0647818   0.0539204   0.0495182   0.0472292   0.0459005   0.0451983   0.0449791   0.0451982   0.0459002   0.0472283   0.0495163   0.0539164   0.0647786   0.0778572   0.0908743   0.103885   0.116789   0.129529   0.142063   0.154463   
0.0201597   0.0138756   0.00716944   -0.000587679   -0.0100038   -0.0165576   -0.0146516   -0.0110697   -0.00728768   -0.00356303   -2.26809e-12   0.00356266   0.00728614   0.0110662   0.0146446   0.0165429   0.00996329   0.000525309   -0.00724574   -0.0139641   -0.0202598   -0.0264936   -0.0328326   -0.0393571   

10000
-10   -9   -8   -7   -6   -5   -4   -3   -2   -1   0   1   2   3   4   5   6   7   8   9   10   11   12   13   14   
-0.420465   -0.557083   -0.587002   -0.601407   -0.609131   -0.318036   -0.299102   -0.23081   -0.156386   -0.0788435   -2.93545e-10   0.078845   0.156399   0.230843   0.299176   0.318128   0.609249   0.601693   0.587382   0.557554   0.421106   0.457458   0.495137   0.533846   0.573202   
0.110113   0.11905   0.108006   0.0937477   0.0780437   0.0430797   0.0359147   0.0336949   0.0324884   0.0318787   0.0316944   0.0318786   0.0324877   0.0336935   0.0359115   0.0430791   0.0780427   0.0937586   0.108019   0.11906   0.110109   0.123811   0.13742   0.150899   0.164286   
0.0236715   0.0437897   0.0366839   0.0304403   0.0236466   -0.0152936   -0.0170047   -0.0128189   -0.00857508   -0.00424674   -1.91253e-12   0.00424654   0.00857312   0.0128143   0.0169955   0.0152591   -0.023667   -0.0304785   -0.0367487   -0.0438814   -0.0237882   -0.0295531   -0.0355356   -0.0417853   -0.0483118   

15000
-10   -8   -7   -6   -5   -4   -3   -2   -1   0   1   2   3   4   5   6   7   8   10   11   13   
-0.417098   -0.611156   -0.605495   -0.632027   -0.572924   -0.29579   -0.22832   -0.154763   -0.077798   -1.46935e-08   0.0778016   0.154778   0.228358   0.295879   0.572933   0.632082   0.645876   0.611441   0.417793   0.467838   0.550633   
0.10751   0.105432   0.0904691   0.07063   0.0526492   0.0300199   0.0278305   0.0266537   0.0260753   0.0259041   0.0260754   0.0266529   0.0278287   0.030016   0.0526492   0.0706322   0.0897255   0.105446   0.107501   0.124154   0.175724   
0.0251211   0.0296458   0.0141405   0.00212892   -0.00597546   -0.0184807   -0.0138431   -0.0093043   -0.00468124   2.58281e-09   0.00468065   0.00930209   0.0138378   0.0184705   0.00597382   -0.00213802   -0.0149439   -0.0297188   -0.0252468   -0.0342932   -0.0497376   

20000
-10   -8   -7   -6   -5   -4   -3   -2   -1   0   1   2   3   4   5   6   7   8   9   10   11   12   
-0.534594   -0.586707   -0.645489   -0.633919   -0.565878   -0.29494   -0.225889   -0.153304   -0.0769579   2.72764e-10   0.0769598   0.15332   0.225931   0.295055   0.56588   0.633935   0.645538   0.551716   0.473966   0.535601   0.545402   0.647201   
0.124051   0.103114   0.0866072   0.0666892   0.0487486   0.0265116   0.0243901   0.0232199   0.0226544   0.0224883   0.0226545   0.023219   0.0243881   0.0265069   0.048749   0.0666931   0.0866128   0.105169   0.105709   0.12414   0.148818   0.159448   
0.0481925   0.0351445   0.0108234   -0.00411585   -0.00982545   -0.0197952   -0.0146047   -0.00983773   -0.00499027   -3.46584e-11   0.00499002   0.00983531   0.0145988   0.0197852   0.00982516   0.00411334   -0.0108626   -0.0308792   -0.0414391   -0.0483857   -0.0454714   -0.0530645   

25000
-9   -7   -6   -5   -4   -3   -2   -1   0   1   2   3   4   5   6   7   9   10   11   
-0.533434   -0.636219   -0.637898   -0.56597   -0.443979   -0.223455   -0.151926   -0.0762881   7.39265e-10   0.0762918   0.151943   0.223501   0.443978   0.565966   0.637942   0.603925   0.534086   0.588323   0.640013   
0.111282   0.0862835   0.0646602   0.0464703   0.0331432   0.0220683   0.0208995   0.0203357   0.0201716   0.0203357   0.0208985   0.0220661   0.0331435   0.046471   0.0646624   0.08658   0.111315   0.128813   0.146725   
0.0447506   0.0156319   -0.00754922   -0.0107878   -0.00935451   -0.0152393   -0.0102748   -0.00522207   -1.49686e-10   0.00522149   0.0102722   0.0152328   0.00935454   0.0107885   0.0075454   -0.0123694   -0.0448838   -0.0455304   -0.0447917   

30000
-10   -8   -6   -5   -4   -3   -2   -1   0   1   2   3   4   5   6   9   10   
-0.569924   -0.531013   -0.632795   -0.563215   -0.44626   -0.221111   -0.150615   -0.0757152   1.11572e-09   0.0757193   0.150633   0.22116   0.446258   0.563212   0.632835   0.573973   0.616161   
0.133487   0.0983164   0.0632022   0.0447528   0.0318331   0.0203737   0.0192008   0.0186355   0.0184711   0.0186355   0.0192   0.0203713   0.0318328   0.0447535   0.0632037   0.113819   0.130136   
0.0343919   0.0426432   -0.00736304   -0.011158   -0.00832942   -0.0157848   -0.0106524   -0.00541042   -2.20295e-10   0.00540979   0.0106496   0.0157779   0.00832981   0.0111585   0.00735152   -0.0405256   -0.0385488   

35000
-9   -5   -4   -3   -2   -1   0   1   2   3   4   5   6   8   9   10   
-0.598318   -0.562009   -0.454217   -0.218864   -0.149347   -0.0752015   -6.48873e-11   0.0752057   0.149365   0.218916   0.454214   0.562017   0.634028   0.563406   0.559803   0.626785   
0.114411   0.0436009   0.0309477   0.0190709   0.0178902   0.0173225   0.0171562   0.0173224   0.0178892   0.0190684   0.0309478   0.0436001   0.0637705   0.0993187   0.117209   0.129357   
0.0344435   -0.011307   -0.00689927   -0.0162655   -0.0109911   -0.00557189   1.91911e-11   0.00557123   0.0109883   0.0162582   0.00689973   0.011306   0.00436755   -0.0379688   -0.0310954   -0.0324165   

40000
-9   -5   -4   -3   -2   -1   0   1   2   3   4   5   6   
-0.570571   -0.561946   -0.456091   -0.216715   -0.148111   -0.0747229   -9.73081e-11   0.0747272   0.14813   0.21677   0.456088   0.561954   0.608512   
0.116305   0.0428033   0.0300964   0.0180319   0.01684   0.0162694   0.0161017   0.0162691   0.0168389   0.0180292   0.030096   0.0428022   0.06611   
0.0262678   -0.0113421   -0.00616237   -0.0166957   -0.0113019   -0.00571558   2.49923e-11   0.00571491   0.0112989   0.0166881   0.00616297   0.011341   -0.00481476   

45000
-10   -8   -5   -4   -3   -2   -1   0   1   2   3   4   8   9   11   
-0.606345   -0.59891   -0.562229   -0.456977   -0.214726   -0.146904   -0.0742671   -3.40464e-07   0.0742708   0.146925   0.214784   0.456972   0.599057   0.582851   0.615713   
0.131405   0.0989646   0.0422382   0.0294933   0.017183   0.0159751   0.0154005   0.0152315   0.0154001   0.015974   0.0171801   0.0294928   0.0989525   0.115477   0.146466   
0.0193618   0.0271892   -0.0113666   -0.00552744   -0.0170766   -0.011591   -0.0058467   5.96148e-08   0.00584614   0.0115878   0.0170687   0.00552816   -0.0272429   -0.0211241   -0.0208738   

50000
-10   -8   -7   -5   -4   -3   -2   -1   0   1   2   3   4   5   7   11   
-0.620132   -0.591438   -0.591297   -0.561436   -0.458038   -0.212854   -0.145754   -0.0738272   6.28853e-11   0.0738304   0.145776   0.212913   0.458034   0.561438   0.591083   0.657004   
0.131485   0.100989   0.0848208   0.041707   0.0290193   0.0164738   0.0152489   0.0146678   0.0144978   0.0146674   0.0152476   0.0164709   0.029019   0.0417068   0.0847824   0.140225   
0.0149713   0.0181102   0.028383   -0.011391   -0.00506509   -0.01742   -0.0118583   -0.00596848   -1.50244e-11   0.00596803   0.0118549   0.0174118   0.00506591   0.0113909   -0.0284141   -0.0221459   

55000
-9   -7   -5   -3   -2   -1   0   1   2   3   4   5   10   
-0.630977   -0.609576   -0.561011   -0.211053   -0.144657   -0.0734196   5.43141e-10   0.0734231   0.144681   0.211115   0.458777   0.561064   0.652256   
0.110471   0.0836737   0.0413168   0.0158703   0.0146291   0.0140413   0.0138693   0.0140408   0.0146279   0.0158672   0.028515   0.0412251   0.12581   
0.0143497   0.0213328   -0.0113448   -0.017736   -0.0121067   -0.00607988   -1.2368e-10   0.00607939   0.0121031   0.0177276   0.00481763   0.0114214   -0.0150888   

60000
-9   -8   -7   -5   -4   -3   -2   -1   0   1   2   3   4   5   7   
-0.634852   -0.61444   -0.634713   -0.563203   -0.459175   -0.209317   -0.14358   -0.0730291   -3.16253e-07   0.0730327   0.143604   0.209381   0.45917   0.563207   0.634669   
0.109362   0.0982782   0.0824301   0.041275   0.0281125   0.0153492   0.0140918   0.0134972   0.0133238   0.0134969   0.0140904   0.015346   0.0281118   0.0412747   0.0824241   
0.0112746   0.00690024   0.0127983   -0.0113836   -0.00453521   -0.0180292   -0.0123432   -0.00618428   5.53936e-08   0.00618374   0.0123395   0.0180205   0.00453604   0.0113832   -0.0128518   

65000
-7   -4   -3   -2   -1   0   1   2   3   4   11   
-0.663076   -0.458817   -0.207643   -0.142516   -0.0726427   -1.10124e-10   0.0726465   0.142541   0.207709   0.458812   0.653473   
0.0812773   0.0277636   0.0148941   0.0136199   0.0130186   0.0128438   0.0130182   0.0136185   0.0148907   0.0277632   0.137531   
0.000833146   -0.00419419   -0.0183021   -0.0125702   -0.00628444   2.39603e-11   0.00628388   0.0125663   0.0182932   0.00419508   -0.0186113   

70000
-7   -4   -3   -2   -1   0   1   2   3   4   10   
-0.647184   -0.458092   -0.206032   -0.141471   -0.0722642   1.77153e-09   0.0722682   0.141497   0.2061   0.458087   0.640445   
0.0785787   0.0274336   0.0144927   0.0132017   0.0125936   0.0124176   0.0125932   0.0132003   0.0144893   0.0274333   0.122012   
0.000161663   -0.00381442   -0.0185564   -0.0127879   -0.00638043   -3.4939e-10   0.00637982   0.012784   0.0185474   0.00381532   -0.0126039   

75000
-4   -3   -2   -1   0   1   2   3   4   
-0.45783   -0.204488   -0.140453   -0.0718918   2.15222e-10   0.0718961   0.140479   0.204558   0.457825   
0.0270388   0.0141366   0.012829   0.0122131   0.0120357   0.0122127   0.0128277   0.014133   0.0270384   
-0.00363211   -0.0187932   -0.0129961   -0.00647296   -5.11874e-11   0.00647231   0.0129922   0.0187839   0.00363299   

80000
-9   -8   -4   -3   -2   -1   0   1   2   3   4   
-0.632803   -0.653078   -0.457984   -0.203009   -0.139447   -0.0715195   6.03855e-10   0.071524   0.139475   0.20308   0.457979   
0.105559   0.0905748   0.0268664   0.0138185   0.0124936   0.0118693   0.0116905   0.011869   0.0124921   0.0138148   0.0268661   
0.00540059   -0.00411112   -0.00329774   -0.0190138   -0.0131973   -0.00656338   -1.36194e-10   0.00656268   0.0131931   0.0190043   0.00329867   

85000
-6   -4   -3   -2   -1   0   1   3   
-0.628928   -0.458487   -0.201582   -0.138455   -0.0711472   4.71996e-10   0.0711521   0.201654   
0.0595005   0.0265351   0.0135321   0.01219   0.0115569   0.0113765   0.0115565   0.0135283   
-0.00795815   -0.00328844   -0.0192209   -0.0133921   -0.00665195   -1.07458e-10   0.00665121   0.0192113   

90000
-9   -4   -3   -2   -1   0   1   2   4   8   9   10   
-0.632613   -0.45898   -0.356115   -0.137477   -0.0707752   1.07099e-10   0.0707803   0.137506   0.458975   0.648696   0.603274   0.638907   
0.104041   0.0262909   0.0183186   0.0119134   0.0112713   0.0110891   0.0112709   0.0119119   0.0262909   0.0882351   0.106045   0.119499   
0.00331127   -0.00319906   0.00304468   -0.013581   -0.00673891   -2.4365e-11   0.00673812   0.0135765   0.00319987   0.00640031   -0.00142097   -0.00927592   

95000
-7   -4   -3   -1   0   1   2   3   4   9   
-0.653304   -0.459457   -0.356411   -0.0704033   4.92123e-10   0.0704087   0.136544   0.356405   0.45945   0.634409   
0.0712766   0.0260978   0.0180932   0.011009   0.0108249   0.0110086   0.0116591   0.0180928   0.0260975   0.103389   
-0.0149136   -0.00307456   0.00321842   -0.00682443   -1.09694e-10   0.0068236   0.0137594   -0.00321725   0.00307541   -0.00185366   

100000
-4   -3   -2   -1   0   1   3   
-0.459986   -0.356902   -0.135566   -0.0700313   3.07563e-10   0.070037   0.356895   
0.0259334   0.017859   0.0114285   0.0107671   0.010581   0.0107667   0.0178586   
-0.00297459   0.00335532   -0.0139412   -0.00690873   -6.92119e-11   0.00690785   -0.00335415   

105000
-7   -3   -2   -1   0   1   2   4   
-0.621138   -0.357029   -0.134632   -0.0696593   5.65599e-10   0.0696652   0.134663   0.460638   
0.0692516   0.0176808   0.0112145   0.0105432   0.0103548   0.0105427   0.0112127   0.0257838   
-0.0151172   0.00354679   -0.0141134   -0.00699194   -1.23258e-10   0.006991   0.0141088   0.00294919   

110000
-3   -2   -1   0   1   3   4   6   
-0.35701   -0.133713   -0.069287   -1.68646e-07   0.0692932   0.357004   0.461314   0.617036   
0.0175155   0.0110165   0.0103351   0.0101444   0.0103346   0.0175151   0.0256889   0.0538069   
0.00377741   -0.0142806   -0.0070742   3.00082e-08   0.00707322   -0.00377613   0.00288791   0.0152478   

115000
-10   -6   -4   -3   -2   -1   0   1   2   3   6   9   
-0.629692   -0.596111   -0.462002   -0.357612   -0.132809   -0.0689145   2.24872e-09   0.068921   0.132842   0.357605   0.614629   0.630771   
0.117546   0.050919   0.0256768   0.017222   0.0108326   0.0101412   0.00994804   0.0101406   0.0108309   0.0172216   0.0527692   0.101563   
0.0096207   -0.0161283   -0.0027328   0.00394266   -0.014443   -0.00715561   -4.06429e-10   0.00715459   0.0144382   -0.00394138   0.0156321   -0.000241469   

120000
-7   -3   -2   -1   0   1   2   3   4   
-0.61836   -0.357903   -0.131921   -0.0685416   1.78045e-09   0.0685483   0.131954   0.357896   0.463325   
0.067357   0.0170109   0.0106617   0.00995983   0.00976423   0.00995931   0.0106599   0.0170106   0.0255949   
-0.0166356   0.00412935   -0.0146007   -0.00723628   -3.24626e-10   0.00723521   0.0145959   -0.00412811   0.00282806   

125000
-3   -2   -1   0   1   2   3   6   12   
-0.357921   -0.131048   -0.0681682   1.86443e-09   0.0681752   0.131081   0.357913   0.610384   0.65803   
0.0168514   0.0105021   0.00978989   0.00959171   0.00978935   0.0105003   0.0168512   0.0516377   0.147413   
0.00434988   -0.0147539   -0.00731629   -3.42332e-10   0.00731518   0.014749   -0.00434858   0.0158905   -0.0224602   

130000
-4   -3   -2   -1   0   1   2   3   
-0.484295   -0.358464   -0.130189   -0.0677944   7.86901e-10   0.0678016   0.130223   0.358457   
0.0268332   0.0166258   0.0103529   0.00963021   0.00942939   0.00962965   0.010351   0.0166256   
-0.00477556   0.0044882   -0.0149029   -0.00739569   -1.67097e-10   0.00739455   0.014898   -0.00448684   

135000
-3   -2   -1   0   1   2   3   10   11   
-0.358278   -0.129344   -0.0674202   1.63402e-09   0.0674276   0.129379   0.358272   0.629684   0.640438   
0.0165643   0.010213   0.00947984   0.0092763   0.00947926   0.0102111   0.0165639   0.116602   0.132124   
0.00468713   -0.0150478   -0.00747453   -2.97808e-10   0.00747334   0.0150428   -0.00468584   -0.00855285   -0.0157181   

140000
-10   -3   -2   -1   0   1   2   3   
-0.626615   -0.358918   -0.128514   -0.0670454   7.2985e-11   0.0670531   0.128549   0.35891   
0.11638   0.0163693   0.0100817   0.00933793   0.00913162   0.00933734   0.0100797   0.016369   
0.00951646   0.00476987   -0.0151886   -0.0075529   -1.48509e-11   0.00755167   0.0151836   -0.00476855   

145000
-5   -3   -2   -1   0   1   2   3   9   
-0.555653   -0.359378   -0.127698   -0.06667   3.0634e-09   0.0666778   0.127733   0.359371   0.623366   
0.0374166   0.016207   0.00995803   0.00920375   0.00899461   0.00920315   0.00995602   0.0162067   0.100131   
-0.011325   0.00487751   -0.0153256   -0.00763083   -5.79492e-10   0.00762957   0.0153205   -0.00487621   -0.00102789   

150000
-3   -2   -1   0   1   2   3   10   
-0.359621   -0.126896   -0.0662941   -5.96119e-08   0.0663021   0.126932   0.359613   0.626031   
0.0160708   0.00984148   0.00907666   0.00886459   0.00907605   0.00983944   0.0160705   0.116086   
0.00502512   -0.0154588   -0.00770834   1.05777e-08   0.00770704   0.0154537   -0.00502377   -0.0096432   

155000
-8   -3   -1   0   1   2   3   11   
-0.628486   -0.359493   -0.0659177   -6.58322e-08   0.0659259   0.129298   0.359486   0.642038   
0.0831625   0.0160483   0.00895609   0.00874106   0.00895546   0.00972376   0.016048   0.131507   
-0.00827118   0.00518058   -0.00778546   1.19453e-08   0.00778413   0.0149404   -0.00517923   -0.0140484   

160000
-6   -3   -2   -1   0   1   2   3   6   9   10   
-0.602434   -0.36009   -0.142414   -0.0655407   -1.14165e-07   0.0655491   0.142371   0.360083   0.602455   0.619835   0.625329   
0.0495708   0.0158745   0.00960551   0.00884151   0.00862347   0.00884088   0.00960356   0.0158741   0.0495707   0.0998029   0.11581   
-0.0158109   0.00525325   -0.012259   -0.00786223   2.0572e-08   0.00786087   0.0122694   -0.00525192   0.0158073   -0.00225062   -0.00955529   

165000
-10   -6   -3   -2   -1   0   1   2   14   
-0.625355   -0.602545   -0.360543   -0.305262   -0.0651632   3.63096e-10   0.0651718   0.305256   0.701274   
0.115472   0.0494648   0.0157349   0.00852067   0.00873248   0.00851142   0.00873184   0.00851964   0.174312   
0.00914193   -0.0155816   0.00534115   0.0174655   -0.00793867   -7.69699e-11   0.00793728   -0.0174665   -0.0355307   

170000
-6   -3   -2   -1   0   1   2   3   
-0.601363   -0.360891   -0.304245   -0.0647851   -7.74227e-08   0.0647939   0.304243   0.360884   
0.0489779   0.0156081   0.00854349   0.00862858   0.00840439   0.00862793   0.0085426   0.0156078   
-0.015746   0.00544857   0.0169898   -0.00801479   1.4126e-08   0.00801337   -0.0169906   -0.00544719   

175000
-3   -2   -1   0   1   2   3   6   10   
-0.361067   -0.302904   -0.0644064   -5.29086e-10   0.0644152   0.302902   0.36106   0.60041   0.626383   
0.015503   0.00856087   0.00852944   0.00830212   0.00852876   0.00856005   0.0155027   0.0489331   0.115092   
0.00558703   0.0165684   -0.00809065   1.07355e-10   0.00808921   -0.0165688   -0.00558565   0.0157064   -0.00857572   

180000
-3   -2   -1   0   1   2   3   11   13   
-0.360855   -0.301485   -0.0640271   3.37197e-10   0.0640361   0.301484   0.360848   0.637221   0.675675   
0.0155315   0.00858099   0.00843473   0.00820421   0.00843405   0.00858011   0.0155311   0.130669   0.16028   
0.00572458   0.0161914   -0.00816623   -7.0924e-11   0.00816477   -0.0161918   -0.00572318   -0.0157378   -0.0286665   

185000
-7   -3   -2   -1   0   1   2   3   9   
-0.629868   -0.36142   -0.300065   -0.0636474   6.73293e-10   0.0636567   0.300064   0.361412   0.587787   
0.0646132   0.0153672   0.0086052   0.00834415   0.00811039   0.00834347   0.00860428   0.0153669   0.100177   
-0.0162578   0.00579131   0.0158556   -0.00824153   -1.39686e-10   0.00824004   -0.0158559   -0.00578989   0.000861273   

190000
-7   -5   -3   -2   -1   0   1   2   3   7   
-0.630075   -0.545559   -0.361826   -0.298668   -0.0632673   2.33207e-10   0.0632767   0.298668   0.361818   0.630135   
0.0643003   0.0352659   0.0152383   0.00863477   0.00825744   0.00802038   0.00825675   0.00863381   0.0152381   0.0643036   
-0.016322   -0.0100034   0.00588037   0.015556   -0.00831657   -4.98172e-11   0.00831505   -0.0155563   -0.00587889   0.0163124   

195000
-8   -3   -2   -1   0   1   2   3   8   12   
-0.593628   -0.362004   -0.297302   -0.0628867   -1.82775e-08   0.0628963   0.297301   0.361996   0.627368   0.653345   
0.0821429   0.0151374   0.00867093   0.00817434   0.00793394   0.00817364   0.00866994   0.0151371   0.0815513   0.145543   
-0.009448   0.00601687   0.0152887   -0.00839136   3.30051e-09   0.00838982   -0.0152888   -0.00601548   0.00927326   -0.0222467   

200000
-9   -3   -2   -1   0   1   2   3   7   
-0.617556   -0.362336   -0.295976   -0.0625057   5.28871e-10   0.0625154   0.295976   0.362329   0.629846   
0.0986632   0.0150451   0.00871416   0.00809463   0.00785085   0.00809392   0.00871312   0.0150447   0.0637438   
0.00205573   0.00609188   0.0150524   -0.00846592   -1.10284e-10   0.00846435   -0.0150524   -0.00609045   0.0165983   

205000
-6   -3   -2   -1   0   1   2   3   7   
-0.597472   -0.362712   -0.294709   -0.0621244   3.74336e-10   0.0621343   0.294709   0.362704   0.629333   
0.0476846   0.0149476   0.0087642   0.00801809   0.0077709   0.00801738   0.0087631   0.0149472   0.063901   
-0.0152141   0.0061582   0.014848   -0.00854022   -7.85117e-11   0.00853863   -0.0148479   -0.00615675   0.0163249   

210000
-4   -3   -2   -1   0   1   2   3   9   
-0.477996   -0.363009   -0.29352   -0.0617427   1.21085e-08   0.0617528   0.293519   0.363002   0.617649   
0.0249753   0.0148546   0.00882008   0.00794455   0.0076939   0.00794383   0.00881894   0.0148543   0.0984586   
-0.00337602   0.00624554   0.0146762   -0.00861429   -2.16244e-09   0.00861267   -0.014676   -0.0062441   -0.00204463   

215000
-3   -1   0   1   2   3   5   
-0.363103   -0.0613607   7.35055e-10   0.0613709   0.292421   0.363095   0.542867   
0.0147824   0.00787381   0.00761967   0.00787308   0.00887931   0.014782   0.0344839   
0.00638025   -0.00868814   -1.50634e-10   0.0086865   -0.0145357   -0.00637883   0.00939013   

220000
-8   -5   -3   -2   -1   0   1   2   7   11   
-0.624697   -0.542351   -0.363375   -0.291417   -0.0609789   6.4373e-10   0.0609893   0.291415   0.629024   0.634772   
0.0813112   0.0343199   0.0147118   0.00894417   0.00780574   0.00754805   0.007805   0.00894297   0.0628487   0.130114   
-0.00834181   -0.00954982   0.00645038   0.014424   -0.00876163   -1.31536e-10   0.00875997   -0.0144234   0.0169955   -0.0162475   

225000
-5   -3   -2   -1   0   1   2   3   7   
-0.542088   -0.363734   -0.29049   -0.0605975   4.37431e-10   0.0606079   0.290488   0.363726   0.628672   
0.0341609   0.0146283   0.00901082   0.00774018   0.00747891   0.00773941   0.0090096   0.0146279   0.0634318   
-0.00925068   0.00650465   0.0143352   -0.00883476   -9.12678e-11   0.0088331   -0.0143345   -0.00650316   0.0163363   

230000
-6   -3   -2   -1   0   1   2   3   
-0.596641   -0.364045   -0.289615   -0.0602169   2.87054e-10   0.0602271   0.289613   0.364037   
0.0470012   0.0145503   0.00908202   0.00767697   0.0074121   0.0076762   0.00908074   0.0145499   
-0.015305   0.00656952   0.0142646   -0.00890747   -6.01852e-11   0.00890585   -0.0142638   -0.00656802   

235000
-7   -6   -2   -1   0   1   2   3   
-0.628132   -0.596703   -0.288768   -0.0598361   8.8364e-09   0.0598468   0.288767   0.364299   
0.0627776   0.0467956   0.00915996   0.00761603   0.00734752   0.00761525   0.00915862   0.0144729   
-0.0167826   -0.0152728   0.0142088   -0.00897993   -1.55561e-09   0.00897823   -0.014208   -0.00664791   

240000
-6   -3   -2   -1   0   1   2   
-0.596363   -0.364431   -0.287943   -0.0594562   2.7152e-10   0.0594671   0.287942   
0.046776   0.0144064   0.00924587   0.00755721   0.007285   0.00755642   0.00924442   
-0.0152576   0.00676451   0.0141668   -0.00905197   -5.68778e-11   0.00905025   -0.0141659   

245000
-6   -3   -2   -1   0   1   2   6   
-0.596469   -0.364545   -0.287155   -0.0590769   3.32479e-10   0.0590881   0.287153   0.596479   
0.04662   0.0143684   0.00933773   0.00750041   0.00722449   0.00749967   0.00933626   0.0466211   
-0.0152368   0.00685226   0.0141379   -0.00912364   -6.90758e-11   0.00912184   -0.014137   0.0152352   

250000
-3   -2   -1   0   1   2   3   8   
-0.364891   -0.286413   -0.0586981   3.16915e-10   0.0587089   0.286411   0.364883   0.623796   
0.0142944   0.00943328   0.00744553   0.00716586   0.00744473   0.00943175   0.014294   0.0809088   
0.00689694   0.0141196   -0.00919496   -6.6055e-11   0.00919326   -0.0141186   -0.0068954   0.00814427   

255000
-7   -3   -2   -1   0   1   2   3   5   6   15   
-0.6278   -0.365203   -0.28572   -0.0583194   8.11227e-10   0.0583307   0.285718   0.365194   0.525256   0.596267   0.725858   
0.062872   0.0142275   0.00953043   0.00739248   0.00710902   0.00739168   0.00952888   0.0142271   0.0291723   0.0465394   0.186982   
-0.0163663   0.00694684   0.0141086   -0.009266   -1.65345e-10   0.00926421   -0.0141075   -0.00694531   0.00996855   0.0152168   -0.0422986   

260000
-7   -6   -2   -1   0   1   2   3   
-0.627991   -0.595678   -0.285069   -0.0579415   2.45837e-10   0.057953   0.285067   0.365479   
0.0629207   0.0461495   0.00962823   0.00734117   0.00705389   0.00734036   0.00962662   0.0141636   
-0.0162274   -0.0150724   0.014102   -0.00933663   -5.15865e-11   0.0093348   -0.0141009   -0.00700056   

265000
-10   -5   -3   -2   -1   0   1   2   10   
-0.621904   -0.540109   -0.365748   -0.284388   -0.0575643   9.69326e-09   0.0575757   0.284386   0.622433   
0.113623   0.0331506   0.0141015   0.00973478   0.00729152   0.00700038   0.00729069   0.00973311   0.113634   
0.00912159   -0.00875883   0.00706398   0.0141004   -0.00940692   -1.71697e-09   0.00940511   -0.0140993   -0.00918393   

270000
-9   -3   -2   -1   0   1   3   
-0.615426   -0.365976   -0.283785   -0.0571875   2.69213e-10   0.0571992   0.365968   
0.0977362   0.0140388   0.00983378   0.00724344   0.00694841   0.00724261   0.0140383   
0.00240193   0.00713638   0.0141022   -0.00947687   -5.61178e-11   0.00947504   -0.00713488   

275000
-5   -3   -2   -1   0   1   2   3   
-0.539135   -0.366106   -0.283394   -0.0577396   2.20809e-10   0.0577196   0.283389   0.366097   
0.0330803   0.0139817   0.00990606   0.00719403   0.00689795   0.00719331   0.00990478   0.0139813   
-0.00851345   0.00723599   0.0141038   -0.00935496   -4.61902e-11   0.00935967   -0.0141026   -0.00723451   

280000
-5   -3   -2   -1   0   1   2   
-0.539449   -0.36604   -0.283194   -0.0616832   6.42816e-10   0.0616637   0.283188   
0.0327893   0.0139854   0.00995179   0.00713564   0.0068489   0.0071349   0.00995075   
-0.00833637   0.00734111   0.014109   -0.00853401   -1.31098e-10   0.00853859   -0.0141077   

285000
-3   -2   -1   0   1   2   
-0.366366   -0.28314   -0.0655444   2.32994e-08   0.065525   0.283132   
0.0139185   0.00997159   0.00707873   0.0068012   0.007078   0.00997074   
0.0073793   0.0141283   -0.00773127   -4.23871e-09   0.00773578   -0.0141269   

290000
-7   -3   -2   -1   0   1   2   3   15   
-0.627725   -0.366665   -0.283192   -0.0693469   6.22109e-10   0.0693275   0.283184   0.366657   0.724716   
0.0623338   0.0138593   0.00997078   0.00702322   0.00675478   0.00702239   0.00997013   0.0138589   0.186962   
-0.016346   0.00741998   0.0141597   -0.00694172   -1.27341e-10   0.00694621   -0.0141582   -0.00741841   -0.0411271   

295000
-3   -2   -1   0   1   2   
-0.366945   -0.283301   -0.0730891   7.70999e-10   0.0730701   0.283292   
0.013805   0.0099586   0.00696913   0.00670961   0.00696841   0.00995807   
0.00746272   0.0141987   -0.00616558   -1.5636e-10   0.00616998   -0.0141972   

300000
-8   -2   -1   0   1   2   
-0.623669   -0.28343   -0.0767655   2.65762e-10   0.0767466   0.283421   
0.079845   0.00994166   0.00691642   0.00666561   0.00691571   0.0099411   
-0.0093742   0.0142424   -0.00540391   -5.47482e-11   0.00540823   -0.0142408   

305000
-3   -2   -1   0   1   2   3   
-0.367459   -0.283607   -0.0803726   1.51325e-08   0.0803537   0.283598   0.367451   
0.0137057   0.00991652   0.00686501   0.00662275   0.00686431   0.00991607   0.0137053   
0.00755365   0.0142888   -0.00465723   -2.8007e-09   0.00466154   -0.0142871   -0.00755205   

310000
-3   -2   -1   0   1   2   3   13   14   
-0.367699   -0.283759   -0.0839083   1.58398e-08   0.0838895   0.28375   0.36769   0.671835   0.696885   
0.0136588   0.0098945   0.00681484   0.00658098   0.00681415   0.00989401   0.0136583   0.158945   0.173259   
0.00760194   0.0143371   -0.00392584   -2.94472e-09   0.0039301   -0.0143354   -0.00760033   -0.0287317   -0.0341935   

315000
-3   -2   -1   0   1   2   5   12   
-0.359932   -0.283956   -0.0873716   1.57895e-08   0.0873528   0.283947   0.539067   0.650202   
0.00899726   0.00986555   0.00676582   0.00654025   0.00676514   0.00986515   0.0321383   0.144488   
0.00650725   0.0143861   -0.00320979   -2.92749e-09   0.00321404   -0.0143844   0.00812441   -0.0226092   

320000
-3   -2   -1   0   1   2   13   
-0.368144   -0.284145   -0.0907687   1.67138e-08   0.0907497   0.284135   0.67461   
0.0135666   0.00983724   0.00671787   0.00650053   0.00671706   0.0098368   0.159293   
0.00770626   0.0144373   -0.00250771   -3.10932e-09   0.00251197   -0.0144356   -0.0264233   

325000
-3   -2   -1   0   1   2   
-0.368344   -0.2843   -0.094103   1.49549e-08   0.0940841   0.284291   
0.0135205   0.00981499   0.0066709   0.00646176   0.00667023   0.0098145   
0.00776516   0.0144866   -0.00181874   -2.77651e-09   0.00182298   -0.0144849   

330000
-3   -2   -1   0   1   2   3   
-0.368507   -0.284515   -0.0972414   1.52826e-08   0.0972251   0.284505   0.368497   
0.0134742   0.00978337   0.00662105   0.00642393   0.00662046   0.00978295   0.0134737   
0.00783665   0.0145366   -0.00117295   -2.8316e-09   0.00117658   -0.0145349   -0.00783521   

335000
-3   -2   -1   0   1   2   3   
-0.368166   -0.284721   -0.100064   1.52314e-08   0.100048   0.284712   0.368157   
0.0135368   0.00975248   0.00656567   0.00638698   0.00656502   0.00975209   0.0135364   
0.00797853   0.0145882   -0.000597401   -2.82998e-09   0.000600969   -0.0145864   -0.00797687   

340000
-3   -2   -1   0   1   2   3   
-0.368445   -0.284905   -0.10285   1.61041e-08   0.102833   0.284895   0.368436   
0.0134814   0.00972531   0.00651273   0.0063509   0.00651202   0.00972489   0.0134809   
0.00801236   0.0146396   -2.92301e-05   -2.98177e-09   3.29498e-05   -0.0146378   -0.00801067   

345000
-5   -3   -1   0   1   2   3   12   
-0.538415   -0.368709   -0.105607   1.60021e-08   0.10559   0.285045   0.368701   0.652316   
0.0318078   0.013432   0.00646178   0.00631563   0.00646119   0.00970482   0.0134316   0.144109   
-0.0078575   0.00804708   0.000533677   -2.97304e-09   -0.000529976   -0.014685   -0.00804538   -0.0199978   

350000
-2   -1   0   1   3   
-0.285278   -0.108338   1.65905e-08   0.108321   0.368952   
0.00967248   0.00641251   0.00628117   0.00641191   0.0133868   
0.0147373   0.00109139   -3.08128e-09   -0.00108766   -0.00808068   

355000
-3   -1   0   1   2   
-0.369202   -0.111039   1.7148e-08   0.111022   0.285481   
0.0133462   0.00636474   0.00624747   0.00636408   0.0096402   
0.00811807   0.00164356   -3.18899e-09   -0.00163977   -0.0147879   

360000
-3   -1   0   1   3   
-0.369434   -0.113705   1.7349e-08   0.113688   0.369425   
0.013308   0.00631831   0.00621452   0.00631774   0.0133076   
0.008154   0.00218873   -3.22479e-09   -0.00218497   -0.00815228   

365000
-3   -2   -1   0   1   2   3   
-0.369659   -0.285846   -0.116333   1.79989e-08   0.116315   0.285836   0.36965   
0.0132721   0.00958771   0.00627311   0.00618229   0.00627254   0.00958728   0.0132717   
0.00819004   0.0148948   0.00272649   -3.35174e-09   -0.00272271   -0.014893   -0.00818836   

370000
-3   -2   -1   0   1   2   3   
-0.369876   -0.286012   -0.118914   1.84668e-08   0.118896   0.286002   0.369868   
0.0132385   0.00956462   0.00622906   0.00615075   0.00622849   0.00956432   0.013238   
0.00822612   0.0149432   0.00325518   -3.4327e-09   -0.00325139   -0.0149414   -0.00822441   

375000
-5   -3   -2   -1   0   1   
-0.538601   -0.370089   -0.286214   -0.121452   1.91438e-08   0.121434   
0.0314978   0.0132065   0.00953333   0.00618605   0.00611987   0.00618549   
-0.00775165   0.00826212   0.0149984   0.00377542   -3.55733e-09   -0.00377162   

380000
-5   -1   0   1   3   
-0.538778   -0.123945   1.90391e-08   0.123928   0.370296   
0.0314247   0.00614405   0.00608965   0.00614349   0.0131722   
-0.00773744   0.00428689   -3.54394e-09   -0.00428309   -0.00829591   

385000
-3   -2   -1   0   1   2   12   
-0.370525   -0.286587   -0.126394   1.94297e-08   0.126376   0.286577   0.64949   
0.0131359   0.00947553   0.00610295   0.00606005   0.00610243   0.00947518   0.144163   
0.00833313   0.0151082   0.00478947   -3.62045e-09   -0.00478563   -0.0151063   -0.0224982   

390000
-3   -1   0   1   2   3   
-0.370746   -0.128798   1.97228e-08   0.12878   0.286748   0.370737   
0.0130962   0.00606277   0.00603105   0.00606223   0.00944867   0.0130957   
0.00837018   0.00528345   -3.68174e-09   -0.00527964   -0.0151611   -0.0083685   

395000
-2   -1   0   1   2   3   
-0.28693   -0.130805   1.9909e-08   0.130791   0.286919   0.370953   
0.00942352   0.00601999   0.00600264   0.00601949   0.00942318   0.013052   
0.0152153   0.00569065   -3.69166e-09   -0.00568763   -0.0152134   -0.00841018   

400000
-2   -1   0   1   2   3   11   
-0.287118   -0.132503   1.82816e-08   0.132488   0.287108   0.371149   0.63214   
0.0093953   0.00597585   0.00597481   0.00597535   0.00939493   0.0129997   0.12877   
0.0152681   0.00603059   -3.77009e-09   -0.00602749   -0.0152662   -0.00846553   -0.016042   

405000
-10   -3   -2   -1   0   1   2   5   10   15   
-0.620326   -0.370449   -0.287274   -0.134244   2.0926e-08   0.134229   0.287264   0.536315   0.620808   0.616002   
0.112337   0.013142   0.00937236   0.00593376   0.00594751   0.00593326   0.00937195   0.0309957   0.112385   0.190651   
0.00791423   0.00867738   0.0153198   0.00638116   -3.88627e-09   -0.00637797   -0.0153179   0.00664168   -0.00801974   -0.0373212   

410000
-10   -2   -1   0   1   2   3   10   
-0.620067   -0.287441   -0.136004   1.87371e-08   0.135989   0.287431   0.370866   0.620557   
0.112477   0.00934883   0.00589328   0.00592076   0.00589278   0.0093485   0.0130106   0.11252   
0.0083656   0.0153689   0.00673665   -3.50014e-09   -0.0067334   -0.015367   -0.00868657   -0.00847712   

415000
-3   -1   0   1   2   3   
-0.371275   -0.137764   1.90087e-08   0.137749   0.28762   0.371265   
0.0129097   0.0058542   0.00589452   0.00585366   0.00932146   0.0129095   
0.00870893   0.00709322   -3.59153e-09   -0.00708991   -0.0154166   -0.0087072   

420000
-2   -1   0   1   2   3   5   
-0.287796   -0.13952   1.78829e-08   0.139504   0.287785   0.371594   0.538762   
0.00929876   0.00581624   0.00586878   0.00581571   0.00929841   0.0128329   0.0311223   
0.0154672   0.00744965   -3.34006e-09   -0.00744632   -0.0154652   -0.00873836   0.00752961   

425000
-3   -2   -1   0   1   9   
-0.371867   -0.287938   -0.141267   1.77838e-08   0.141251   0.579825   
0.0127636   0.00928031   0.00577931   0.00584352   0.00577877   0.0963099   
0.00878945   0.0155132   0.00780502   -3.3161e-09   -0.00780163   0.00195303   

430000
-3   -2   -1   0   1   2   3   
-0.372026   -0.288116   -0.143003   1.86449e-08   0.142987   0.288105   0.372017   
0.0126826   0.00925746   0.00574326   0.00581874   0.00574273   0.00925711   0.0126824   
0.00888668   0.0155569   0.00815848   -3.46702e-09   -0.0081551   -0.015555   -0.00888461   

435000
-3   -2   -1   0   1   2   
-0.371544   -0.288306   -0.144722   2.1119e-08   0.144706   0.288296   
0.0127479   0.00923287   0.00570807   0.00579442   0.00570758   0.00923249   
0.00904164   0.0156005   0.00850915   -3.71273e-09   -0.00850576   -0.0155985   

440000
-2   -1   0   1   2   3   5   8   
-0.288483   -0.146419   1.87961e-08   0.146403   0.288472   0.371595   0.538702   0.622569   
0.00921026   0.00567369   0.00577054   0.00567321   0.00920987   0.0127552   0.0307756   0.0783831   
0.0156441   0.0088557   -3.51742e-09   -0.00885231   -0.0156422   -0.0090619   0.00725173   0.010632   

445000
-3   -2   -1   0   1   2   3   6   
-0.372208   -0.288647   -0.148088   1.90873e-08   0.148071   0.288637   0.372198   0.595159   
0.0125899   0.00918951   0.0056401   0.0057471   0.00563959   0.00918913   0.0125898   0.0443298   
0.00909756   0.0156876   0.00919692   -3.57964e-09   -0.00919352   -0.0156856   -0.00909578   0.0145432   

450000
-5   -3   -2   -1   0   1   2   
-0.538006   -0.372553   -0.288796   -0.149729   1.94729e-08   0.149713   0.288786   
0.0305319   0.0125046   0.0091714   0.00560725   0.00572407   0.00560677   0.00917099   
-0.00692522   0.00914456   0.01573   0.0095328   -3.64398e-09   -0.00952942   -0.0157281   

455000
-3   -2   -1   0   1   2   3   7   8   
-0.372797   -0.288922   -0.151347   1.95851e-08   0.151331   0.288912   0.372787   0.623914   0.622092   
0.0124298   0.00915808   0.00557508   0.00570145   0.00557459   0.00915761   0.0124297   0.0606546   0.079219   
0.009215   0.0157691   0.0098643   -3.6658e-09   -0.00986091   -0.0157672   -0.00921293   0.0167208   0.00843468   

460000
-3   -2   -1   0   1   2   
-0.372958   -0.289106   -0.152507   1.9365e-08   0.152494   0.289095   
0.0123523   0.0091356   0.00554164   0.00567923   0.00554124   0.00913525   
0.0093154   0.0158095   0.0100956   -3.60971e-09   -0.0100929   -0.0158076   

465000
-2   -1   0   1   2   3   7   11   
-0.283158   -0.153443   2.00533e-08   0.15343   0.289282   0.372874   0.600786   0.633024   
0.00536958   0.00550817   0.00565739   0.00550766   0.0091121   0.0123158   0.0595805   0.128421   
0.0147362   0.0102781   -3.73831e-09   -0.0102752   -0.0158487   -0.00943439   0.0172552   -0.0162718   

470000
-3   -2   -1   0   1   2   8   
-0.372563   -0.289468   -0.154475   2.0212e-08   0.154461   0.289457   0.622374   
0.0123947   0.00909104   0.00547587   0.00563593   0.0054754   0.00909067   0.0794834   
0.00949043   0.0158917   0.0104821   -3.78999e-09   -0.0104792   -0.0158897   0.00772299   

475000
-3   -2   -1   0   1   2   3   
-0.372188   -0.289633   -0.155564   2.05875e-08   0.15555   0.289622   0.37218   
0.0125549   0.00907104   0.00544461   0.00561484   0.00544415   0.00907065   0.0125536   
0.00948171   0.0159327   0.0106994   -3.84208e-09   -0.0106965   -0.0159307   -0.00948006   

480000
-3   -2   -1   0   1   2   3   
-0.373001   -0.28979   -0.156692   2.03004e-08   0.156677   0.289779   0.37299   
0.0123114   0.00905231   0.00541425   0.00559411   0.00541376   0.00905187   0.0123117   
0.00955154   0.0159735   0.0109256   -3.81108e-09   -0.0109226   -0.0159715   -0.00954955   

485000
-3   -2   -1   0   1   2   
-0.373484   -0.289934   -0.157848   2.06704e-08   0.157833   0.289924   
0.0121911   0.00903571   0.00538464   0.00557372   0.00538417   0.00903529   
0.0096143   0.0160133   0.0111586   -3.87986e-09   -0.0111556   -0.0160113   

490000
-3   -2   -1   0   1   2   6   
-0.373797   -0.290062   -0.159028   2.1138e-08   0.159014   0.290051   0.587416   
0.0121162   0.0090226   0.00535581   0.00555367   0.00535534   0.00902216   0.0439004   
0.00967297   0.0160508   0.0113977   -3.93836e-09   -0.0113946   -0.0160488   0.013708   

495000
-3   -1   0   1   3   
-0.374047   -0.160233   -1.22779e-09   0.160218   0.374037   
0.0120523   0.0053277   0.00553395   0.00532719   0.0120521   
0.00973659   0.0116425   2.40598e-10   -0.0116394   -0.0097346   

500000
-3   -2   -1   0   1   2   3   
-0.374262   -0.290348   -0.161467   -3.53973e-10   0.161452   0.290336   0.374252   
0.0119911   0.00899336   0.00530039   0.00551455   0.00529989   0.00899302   0.0119909   
0.00980793   0.0161216   0.0118944   6.99821e-11   -0.0118913   -0.0161196   -0.00980588   

505000
-6   -1   0   1   2   
-0.592347   -0.162739   -7.41749e-10   0.162723   0.290521   
0.044094   0.00527382   0.00549547   0.00527327   0.00897077   
-0.0142735   0.0121552   1.44997e-10   -0.012152   -0.0161587   

510000
-5   -3   -1   0   1   3   4   7   
-0.539402   -0.374578   -0.164049   1.19925e-10   0.164034   0.374568   0.46539   0.628303   
0.0304839   0.0118767   0.00524794   0.00547669   0.00524748   0.0118764   0.0202624   0.0610006   
-0.00708944   0.00997508   0.012425   -2.46797e-11   -0.0124219   -0.00997296   -0.0015939   0.0162741   

515000
-2   -1   0   1   2   3   7   
-0.290874   -0.165401   6.94092e-10   0.165386   0.290863   0.374621   0.628349   
0.00893089   0.00522273   0.00545822   0.00522226   0.00893048   0.0118377   0.0609056   
0.0162379   0.0127046   -1.38597e-10   -0.0127015   -0.0162358   -0.0100602   0.0162984   

520000
-4   -3   -2   -1   0   1   2   3   6   
-0.465494   -0.374594   -0.291035   -0.166674   2.46511e-08   0.166661   0.291024   0.374584   0.595261   
0.0201293   0.0118328   0.0089121   0.00519779   0.00544004   0.00519734   0.00891173   0.0118323   0.0442702   
0.00172328   0.0101246   0.0162763   0.0129671   -4.56011e-09   -0.0129646   -0.0162743   -0.0101226   0.0145072   

525000
-3   -2   -1   0   1   2   
-0.367023   -0.291191   -0.167399   3.99614e-08   0.167386   0.29118   
0.00750837   0.00889418   0.00517194   0.00542213   0.00517148   0.00889382   
0.00896766   0.0163147   0.0131094   -7.47738e-09   -0.0131067   -0.0163126   

530000
-2   -1   0   1   2   6   
-0.291341   -0.168312   6.61584e-11   0.168298   0.29133   0.595735   
0.00887712   0.00514691   0.0054045   0.00514647   0.00887672   0.0442468   
0.0163528   0.013293   -1.35898e-11   -0.0132903   -0.0163507   0.0145206   

535000
-2   -1   0   1   2   3   
-0.291484   -0.169369   -1.40231e-09   0.169438   0.291473   0.374038   
0.00886136   0.00512253   0.00538714   0.005122   0.00886093   0.0120349   
0.0163903   0.0135084   2.72487e-10   -0.013517   -0.0163882   -0.0101328   

540000
-3   -2   -1   0   1   2   16   
-0.373849   -0.291616   -0.170654   2.73573e-08   0.170639   0.291605   0.75178   
0.0121409   0.0088475   0.00509869   0.00537005   0.00509824   0.00884711   0.199033   
0.0101103   0.0164265   0.0137659   -5.10941e-09   -0.013763   -0.0164244   -0.0481862   

545000
-2   -1   0   1   2   
-0.291735   -0.171925   3.09513e-08   0.17191   0.291724   
0.00883677   0.00507551   0.00535322   0.00507502   0.00883633   
0.0164601   0.0140283   -5.78863e-09   -0.0140254   -0.0164581   

550000
-3   -1   0   1   2   3   
-0.37474   -0.173262   4.85433e-08   0.173248   0.291818   0.37473   
0.0119088   0.00505289   0.00533664   0.0050524   0.00883094   0.0119085   
0.0102369   0.0143058   -9.01403e-09   -0.0143029   -0.016487   -0.010235   

555000
-2   -1   0   1   2   
-0.291917   -0.174664   -3.71182e-10   0.174649   0.291905   
0.00882841   0.0050308   0.0053203   0.00503034   0.00882809   
0.0165143   0.0145977   7.27769e-11   -0.0145946   -0.0165122   

560000
-10   -8   -3   -1   0   1   2   3   4   8   10   
-0.619724   -0.62004   -0.37535   -0.176128   6.21902e-09   0.176113   0.292091   0.375339   0.464799   0.620244   0.620253   
0.111843   0.0766769   0.0117788   0.00500918   0.0053042   0.00500873   0.00880541   0.0117786   0.0202689   0.0766973   0.11189   
0.00835639   -0.0129206   0.0103326   0.0149035   -1.16338e-09   -0.0149004   -0.0165509   -0.0103307   -0.00277053   0.0128749   -0.00846601   

565000
-3   -2   -1   0   1   2   3   15   
-0.375605   -0.292279   -0.177651   8.97993e-09   0.177635   0.292268   0.375594   0.722606   
0.0117298   0.00878481   0.00498799   0.00528838   0.00498754   0.00878446   0.0117296   0.185827   
0.0103743   0.0165905   0.0152224   -1.57512e-09   -0.0152193   -0.0165884   -0.0103723   -0.0414138   

570000
-3   -2   -1   0   1   2   10   
-0.375839   -0.292449   -0.17924   4.97249e-08   0.179224   0.292437   0.620375   
0.0116868   0.00876523   0.00496718   0.00527273   0.00496673   0.00876487   0.112039   
0.0104135   0.0166272   0.0155558   -9.23561e-09   -0.0155527   -0.0166251   -0.00886374   

575000
-3   -2   -1   0   1   2   
-0.376058   -0.292614   -0.180795   1.31919e-10   0.180781   0.292602   
0.0116481   0.00874645   0.00494655   0.00525732   0.00494611   0.00874606   
0.0104511   0.0166634   0.0158818   -2.64182e-11   -0.0158791   -0.0166614   

580000
-2   -1   0   1   2   12   
-0.292775   -0.181884   7.41086e-08   0.18187   0.292764   0.649966   
0.00872829   0.00492545   0.00524214   0.00492502   0.00872791   0.143717   
0.0166993   0.0161052   -1.38044e-08   -0.0161025   -0.0166972   -0.022626   

585000
-4   -3   -2   -1   0   1   2   11   
-0.46613   -0.376461   -0.292933   -0.183106   -2.64098e-09   0.183092   0.292921   0.588672   
0.0196623   0.0115797   0.00871073   0.00490485   0.00522718   0.00490436   0.00871036   0.131066   
0.00222041   0.0105231   0.0167349   0.0163577   4.55763e-10   -0.0163548   -0.0167328   -0.0132546   

590000
-3   -2   -1   0   1   7   
-0.376649   -0.293087   -0.184467   -6.60798e-09   0.184452   0.618176   
0.0115486   0.00869369   0.00488469   0.00521242   0.00488421   0.0592594   
0.0105582   0.0167703   0.0166405   1.22512e-09   -0.0166375   0.0170282   

595000
-2   -1   0   1   2   
-0.293239   -0.185957   -3.71243e-07   0.185942   0.293227   
0.00867703   0.00486502   0.00519788   0.00486457   0.00867665   
0.0168055   0.0169517   6.95089e-08   -0.0169487   -0.0168034   

600000
-5   -2   -1   0   1   2   13   
-0.53587   -0.293388   -0.187567   -3.09018e-10   0.187552   0.293376   0.671074   
0.0300982   0.00866074   0.00484581   0.00518352   0.00484535   0.00866036   0.158243   
-0.00617169   0.0168406   0.0172892   5.65865e-11   -0.0172861   -0.0168384   -0.0286952   

605000
-2   -1   0   1   2   3   
-0.293534   -0.188589   -2.9697e-09   0.188594   0.293522   0.377167   
0.00864483   0.00482544   0.00516938   0.00482502   0.00864445   0.0114617   
0.0168755   0.017498   5.6174e-10   -0.0174996   -0.0168733   -0.0106614   

610000
-3   -2   -1   0   1   2   13   
-0.377345   -0.293677   -0.188341   -1.12512e-08   0.188348   0.293666   0.671072   
0.0114344   0.00862931   0.00480286   0.00513502   0.00480249   0.00862892   0.158181   
0.010699   0.0169102   0.0174293   2.63484e-10   -0.0174313   -0.0169081   -0.0286847   

615000
-9   -5   -3   -2   -1   0   1   2   
-0.614293   -0.53972   -0.377509   -0.293818   -0.187836   -2.41941e-09   0.187843   0.293807   
0.0958149   0.0300396   0.011407   0.00861417   0.0047814   0.00510114   0.00478102   0.00861377   
0.00231401   -0.00667149   0.0107353   0.0169447   0.0173045   7.13012e-10   -0.0173063   -0.0169426   

620000
-2   -1   0   1   2   3   
-0.293956   -0.187477   -1.76277e-09   0.187483   0.293944   0.37766   
0.00859956   0.00476074   0.00507309   0.00476037   0.00859915   0.011379   
0.0169789   0.0172115   -7.54889e-10   -0.0172131   -0.0169768   -0.0107704   

625000
-2   -1   0   1   
-0.294089   -0.187237   -3.18599e-10   0.187242   
0.0085857   0.004741   0.00504952   0.00474064   
0.0170125   0.0171445   9.65389e-11   -0.017146   

630000
-2   -1   0   1   2   
-0.294218   -0.187089   2.9026e-08   0.187094   0.294207   
0.00857278   0.00472229   0.00502941   0.00472193   0.00857233   
0.0170454   0.0170978   -3.62904e-09   -0.0170992   -0.0170433   

635000
-3   -2   -1   0   1   2   8   12   
-0.378143   -0.294341   -0.186706   1.14075e-09   0.186712   0.29433   0.622725   0.650385   
0.0112941   0.00856097   0.00470425   0.00501206   0.00470391   0.00856055   0.0786004   0.14351   
0.0108907   0.0170773   0.0170001   8.15592e-11   -0.0170017   -0.0170752   0.0084351   -0.0226699   

640000
-5   -3   -2   -1   0   1   2   3   
-0.524991   -0.378298   -0.294457   -0.18639   6.05117e-10   0.186396   0.294445   0.378288   
0.0253332   0.0112641   0.00855098   0.0046868   0.00499695   0.00468646   0.00855053   0.0112637   
-0.00803115   0.0109334   0.0171076   0.0169168   -1.40229e-10   -0.0169184   -0.0171054   -0.0109314   

645000
-2   -1   0   1   2   
-0.294562   -0.186151   -1.32673e-11   0.186157   0.29455   
0.00854329   0.00466984   0.00498378   0.00466953   0.00854281   
0.0171356   0.0168503   -1.89124e-11   -0.0168518   -0.0171335   

650000
-2   -1   0   1   2   
-0.294654   -0.185964   -4.6081e-08   0.185969   0.294643   
0.00853868   0.00465331   0.00497015   0.00465297   0.00853821   
0.0171605   0.0167948   5.13999e-09   -0.0167964   -0.0171584   

655000
-5   -2   -1   0   1   2   
-0.540665   -0.29473   -0.185598   7.58982e-11   0.185604   0.294719   
0.0297752   0.00853792   0.00463722   0.00493708   0.00463689   0.00853741   
-0.00652664   0.0171816   0.0167009   1.51964e-11   -0.0167027   -0.0171795   

660000
-2   -1   0   1   2   3   
-0.294786   -0.185228   4.27799e-10   0.185234   0.294775   0.371144   
0.00854204   0.0046216   0.00490719   0.00462128   0.00854148   0.00699815   
0.0171977   0.0166059   -9.35277e-11   -0.0166076   -0.0171957   -0.00991103   

665000
-3   -2   -1   0   1   2   3   4   
-0.379054   -0.294847   -0.184891   -5.06572e-08   0.184898   0.294834   0.379043   0.46725   
0.0110941   0.00854567   0.00460648   0.00487985   0.00460616   0.00854533   0.0110938   0.0193393   
0.0111862   0.0172135   0.0165176   7.77609e-09   -0.0165193   -0.0172113   -0.0111841   -0.00260477   

670000
-4   -3   -2   -1   0   1   2   3   12   
-0.467328   -0.379191   -0.295014   -0.18457   -1.66352e-09   0.184577   0.295002   0.37918   0.650501   
0.019296   0.0110572   0.00852537   0.00459187   0.00485453   0.00459154   0.008525   0.0110568   0.14325   
0.00264927   0.0112463   0.0172496   0.0164321   1.79038e-10   -0.0164338   -0.0172474   -0.0112442   -0.0226252   

675000
-3   -2   -1   0   1   3   
-0.379312   -0.295176   -0.184522   6.89187e-10   0.184525   0.379302   
0.0110218   0.00850617   0.00456771   0.00483085   0.0045675   0.0110214   
0.0113084   0.0172848   0.0164146   -1.16941e-09   -0.0164154   -0.0113063   

680000
-3   -2   -1   0   1   3   
-0.379416   -0.295334   -0.184533   8.43396e-11   0.184536   0.379406   
0.0109913   0.00848792   0.00454285   0.00480856   0.00454264   0.0109908   
0.0113672   0.0173191   0.0164106   -2.81647e-11   -0.0164115   -0.0113651   

685000
-3   -2   -1   0   1   2   3   12   
-0.379512   -0.295488   -0.184549   1.47408e-11   0.184553   0.295476   0.379502   0.650455   
0.010969   0.00847053   0.00451922   0.00478736   0.00451901   0.00847014   0.0109686   0.143064   
0.011414   0.0173527   0.0164069   9.9703e-12   -0.0164079   -0.0173505   -0.0114119   -0.0225315   

690000
-3   -2   -1   0   1   2   3   4   
-0.37958   -0.295638   -0.184536   -3.80751e-09   0.184541   0.295626   0.37957   0.467455   
0.0109547   0.00845385   0.0044969   0.00476706   0.00449668   0.00845346   0.0109542   0.0190944   
0.011455   0.0173856   0.0163957   3.87202e-10   -0.0163969   -0.0173834   -0.011453   -0.00286714   

695000
-3   -2   -1   0   1   2   3   6   
-0.379614   -0.295785   -0.184306   -1.45695e-09   0.18431   0.295772   0.379604   0.59165   
0.0109505   0.00843778   0.0044767   0.00474748   0.00447648   0.00843738   0.01095   0.0433033   
0.0114876   0.0174181   0.0163366   8.09104e-11   -0.0163378   -0.0174159   -0.0114856   0.0138486   

700000
-3   -2   -1   0   1   2   3   11   
-0.379614   -0.295929   -0.18408   6.2705e-10   0.184084   0.295917   0.379604   0.634632   
0.0109577   0.00842221   0.0044571   0.00472847   0.0044569   0.00842182   0.0109572   0.12802   
0.0115103   0.0174501   0.0162774   -2.33508e-10   -0.0162786   -0.0174479   -0.0115083   -0.0167529   

705000
-3   -2   -1   0   1   2   3   11   
-0.379581   -0.296071   -0.183844   -3.48844e-09   0.183849   0.296059   0.379571   0.634681   
0.0109765   0.00840712   0.00443815   0.00470988   0.00443795   0.00840672   0.0109759   0.127962   
0.0115227   0.0174816   0.0162151   5.11416e-10   -0.0162163   -0.0174794   -0.0115207   -0.0167459   

710000
-3   -2   -1   0   1   2   3   
-0.37952   -0.29621   -0.183523   -2.35707e-11   0.183528   0.296198   0.37951   
0.011006   0.00839242   0.00442018   0.00469149   0.00441997   0.00839203   0.0110054   
0.0115257   0.0175129   0.0161339   8.00874e-12   -0.0161352   -0.0175107   -0.0115237   

715000
-3   -2   -1   0   1   2   3   11   
-0.37944   -0.296348   -0.183079   -7.85696e-10   0.183084   0.296336   0.37943   0.634737   
0.0110447   0.00837807   0.00440318   0.00467308   0.004403   0.00837768   0.011044   0.127863   
0.0115207   0.0175439   0.0160262   1.21039e-10   -0.0160275   -0.0175416   -0.0115188   -0.0167091   

720000
-2   -1   0   1   2   3   
-0.296484   -0.182639   1.97948e-10   0.182644   0.296472   0.379338   
0.00836408   0.00438666   0.00465371   0.00438645   0.00836368   0.0110904   
0.0175745   0.0159183   -6.77465e-11   -0.0159196   -0.0175723   -0.0115076   

725000
-2   -1   0   1   2   5   
-0.296618   -0.182192   1.49846e-10   0.182197   0.296606   0.538749   
0.00835038   0.00437061   0.00462581   0.00437042   0.00834998   0.0287153   
0.017605   0.015808   -5.35924e-11   -0.0158094   -0.0176028   0.00536816   

730000
-3   -2   -1   0   1   2   3   
-0.379145   -0.296751   -0.181666   1.82878e-09   0.181671   0.296739   0.379135   
0.0112022   0.00833694   0.00435524   0.00459943   0.00435505   0.00833652   0.0112015   
0.0114738   0.0176352   0.0156812   -8.549e-10   -0.0156826   -0.017633   -0.0114719   

735000
-2   -1   0   1   2   
-0.296884   -0.181105   -1.67849e-09   0.18111   0.296871   
0.00832347   0.0043404   0.00457425   0.0043402   0.00832307   
0.0176653   0.0155466   3.81131e-10   -0.015548   -0.0176631   

740000
-2   -1   0   1   2   
-0.297015   -0.180539   -5.39226e-11   0.180545   0.297003   
0.00831021   0.00432597   0.00455   0.00432581   0.0083098   
0.0176953   0.0154103   1.62316e-11   -0.0154116   -0.0176931   

745000
-7   -3   -2   -1   0   1   2   3   7   
-0.629786   -0.379619   -0.289119   -0.179965   -8.56221e-09   0.179971   0.297133   0.379606   0.629846   
0.060193   0.0111393   0.00486228   0.00431211   0.00452649   0.00431192   0.00829665   0.0111392   0.0601976   
-0.016347   0.0115441   0.0161654   0.0152713   1.47332e-09   -0.0152726   -0.0177229   -0.0115418   0.016335   

750000
-10   -7   -3   -1   0   1   2   3   7   10   
-0.623427   -0.629841   -0.379973   -0.179327   5.24143e-11   0.179333   0.297263   0.379961   0.629903   0.624   
0.111984   0.0601464   0.0110551   0.00429855   0.00450356   0.00429837   0.00828364   0.0110549   0.0601508   0.112028   
0.0104578   -0.0163534   0.0116084   0.0151202   -8.67042e-12   -0.0151216   -0.0177527   -0.0116062   0.0163412   -0.0105729   

755000
-7   -3   -2   -1   0   1   2   3   7   
-0.629906   -0.380255   -0.297404   -0.178676   2.41231e-10   0.178682   0.297392   0.380243   0.629964   
0.0600947   0.0109946   0.00827119   0.00428535   0.00448108   0.00428518   0.00827079   0.0109943   0.0600995   
-0.0163579   0.0116599   0.0177846   0.0149661   9.61244e-11   -0.0149675   -0.0177823   -0.0116578   0.0163464   

760000
-7   -3   -2   -1   0   1   2   3   7   
-0.629948   -0.3805   -0.297167   -0.178025   1.9911e-10   0.17803   0.29718   0.380488   0.630013   
0.0600414   0.0109455   0.00825536   0.00427262   0.00445896   0.00427245   0.00825518   0.0109452   0.0600454   
-0.0163675   0.011705   0.0177353   0.0148112   7.95432e-11   -0.0148125   -0.0177387   -0.0117028   0.0163545   

765000
-3   -2   -1   0   2   
-0.380721   -0.296414   -0.177371   -6.69293e-09   0.296427   
0.0109036   0.00823527   0.00426036   0.00443708   0.0082351   
0.0117459   0.0175746   0.0146551   -5.25686e-10   -0.0175779   

770000
-5   -2   -1   0   1   2   
-0.533172   -0.295669   -0.176682   -1.56335e-08   0.176687   0.295682   
0.0297152   0.00821543   0.00424803   0.00441543   0.00424787   0.00821526   
-0.00524618   0.0174156   0.0144938   3.66701e-09   -0.0144951   -0.0174189   

775000
-3   -2   -1   0   1   2   
-0.381115   -0.294932   -0.175983   -9.34461e-10   0.175989   0.294945   
0.0108338   0.00819583   0.00423586   0.00439388   0.00423569   0.00819566   
0.0118196   0.0172583   0.0143309   1.93854e-10   -0.0143322   -0.0172615   

780000
-1   0   1   2   
-0.175285   -2.14155e-09   0.175291   0.294216   
0.00422403   0.00437244   0.00422386   0.00817631   
0.0141675   5.69252e-10   -0.0141689   -0.0171059   

785000
-2   -1   0   1   
-0.293482   -0.174587   6.26292e-09   0.174592   
0.00815736   0.00421255   0.00435105   0.00421239   
0.0169488   0.0140037   -1.33626e-09   -0.014005   

790000
-3   -1   0   1   2   
-0.373878   -0.173887   5.02165e-09   0.173893   0.292782   
0.0067263   0.00420146   0.00432968   0.00420131   0.0081383   
0.0107148   0.0138393   -1.0449e-09   -0.0138406   -0.0167998   

795000
-2   -1   0   1   2   
-0.292064   -0.173186   -1.13884e-09   0.173192   0.292077   
0.00811984   0.00419078   0.0043083   0.00419062   0.00811966   
0.0166461   0.0136743   1.35183e-10   -0.0136756   -0.0166492   

800000
-3   -2   -1   0   1   
-0.382276   -0.291367   -0.172708   3.65355e-12   0.172708   
0.0119854   0.00810144   0.00417903   0.0042869   0.00417893   
0.0106144   0.0164972   0.0135609   -3.53652e-11   -0.013561   

805000
-4   -1   0   1   2   4   
-0.468915   -0.172482   1.907e-08   0.172483   0.290689   0.468905   
0.0188368   0.0041662   0.00426545   0.00416608   0.00808311   0.0188361   
0.0033228   0.0135061   -4.05186e-09   -0.0135064   -0.0163531   -0.00332096   

810000
-2   -1   0   1   2   
-0.289995   -0.172172   3.34044e-09   0.172174   0.290007   
0.00806536   0.00415416   0.0042432   0.00415404   0.00806519   
0.0162044   0.0134323   -7.98832e-10   -0.0134328   -0.0162075   

815000
-1   0   1   2   
-0.171774   -6.14351e-09   0.171776   0.289333   
0.00414164   0.00422126   0.00414152   0.00804752   
0.0133415   1.39757e-09   -0.013342   -0.0160635   

820000
-3   -2   -1   0   1   2   
-0.382515   -0.288654   -0.171351   -9.26905e-11   0.171353   0.288666   
0.0106193   0.00803025   0.00412966   0.0041996   0.00412954   0.00803009   
0.0120929   0.0159182   0.0132446   -4.74464e-11   -0.0132452   -0.0159212   

825000
-3   -2   -1   0   1   3   4   
-0.382651   -0.287995   -0.170908   -1.92529e-09   0.17091   0.374955   0.458431   
0.0105999   0.00801307   0.00411821   0.00417817   0.0041181   0.00659522   0.0139717   
0.012121   0.0157775   0.0131426   3.80454e-10   -0.0131432   -0.0109226   -0.00201732   

830000
-3   -2   -1   0   1   
-0.382784   -0.287343   -0.170446   -9.39568e-10   0.170449   
0.0105809   0.00799612   0.00410727   0.00415691   0.00410716   
0.0121491   0.0156384   0.0130361   2.93926e-10   -0.0130367   

835000
-2   -1   0   1   2   
-0.286698   -0.16997   6.50518e-10   0.169972   0.28671   
0.0079794   0.00409679   0.00413578   0.00409668   0.00797925   
0.0155008   0.0129257   -1.23575e-10   -0.0129264   -0.0155037   

840000
-2   -1   0   1   9   
-0.28606   -0.16948   -2.04219e-10   0.169483   0.580953   
0.00796287   0.00408677   0.00411473   0.00408666   0.0955613   
0.0153645   0.0128122   7.90602e-11   -0.0128128   -0.000393461   

845000
-2   -1   0   1   
-0.285428   -0.168979   3.85361e-11   0.168982   
0.0079465   0.0040772   0.00409377   0.0040771   
0.0152296   0.0126958   -5.09114e-11   -0.0126966   

850000
-6   -3   -2   -1   0   1   
-0.597875   -0.383304   -0.284802   -0.16847   6.44978e-09   0.168473   
0.0427387   0.0105067   0.00793032   0.00406809   0.00407286   0.00406798   
-0.0139417   0.0122619   0.0150959   0.0125774   -7.98946e-10   -0.0125781   

855000
-2   0   2   
-0.284182   5.93963e-09   0.284193   
0.00791431   0.00405201   0.00791416   
0.0149634   -1.47855e-09   -0.0149663   

860000
-2   -1   0   1   2   
-0.283568   -0.167438   7.38795e-10   0.167441   0.283579   
0.00789847   0.00404899   0.00403122   0.00404888   0.00789833   
0.0148322   0.0123455   -1.27482e-10   -0.0123463   -0.014835   

865000
-3   -2   -1   0   1   2   
-0.383683   -0.282959   -0.166923   1.10738e-09   0.166926   0.282971   
0.0104509   0.0078828   0.00403887   0.00401051   0.00403877   0.00788265   
0.012349   0.0147023   0.0122285   5.16802e-10   -0.0122292   -0.0147051   

870000
-2   -1   0   1   3   
-0.282357   -0.166404   4.40248e-10   0.166407   0.383796   
0.0078673   0.00402914   0.00398993   0.00402903   0.0104317   
0.0145735   0.0121102   -7.76317e-11   -0.012111   -0.0123766   

875000
-3   -2   -1   0   1   2   3   
-0.383934   -0.28176   -0.165882   3.86983e-11   0.165885   0.281771   0.383922   
0.0104128   0.00785194   0.00401974   0.00396953   0.00401964   0.00785179   0.0104124   
0.0124091   0.0144459   0.0119909   1.48432e-11   -0.0119916   -0.0144487   -0.012407   

880000
-2   -1   0   1   2   3   
-0.281169   -0.165355   2.72898e-10   0.165359   0.28118   0.384047   
0.00783675   0.0040107   0.00394938   0.0040106   0.00783663   0.010393   
0.0143195   0.0118703   -2.63625e-09   -0.0118711   -0.0143222   -0.0124377   

885000
-10   -3   -2   -1   0   1   2   3   
-0.620884   -0.384185   -0.280583   -0.164825   -1.4526e-08   0.164829   0.280594   0.384173   
0.111626   0.0103735   0.0078217   0.004002   0.0039294   0.0040019   0.00782156   0.0103731   
0.00958195   0.0124714   0.0141941   0.0117487   3.14105e-09   -0.0117495   -0.0141968   -0.0124692   

890000
-2   -1   0   1   2   3   
-0.280003   -0.164292   6.46756e-10   0.164295   0.280014   0.384299   
0.00780679   0.00399364   0.00390953   0.00399354   0.00780665   0.0103528   
0.0140699   0.0116262   -1.34413e-10   -0.011627   -0.0140726   -0.0125013   

895000
-3   -2   -1   0   1   2   
-0.384437   -0.279427   -0.163756   1.62015e-08   0.163759   0.279438   
0.0103325   0.00779202   0.00398566   0.00388977   0.00398556   0.00779189   
0.0125364   0.0139467   0.0115028   -4.28444e-09   -0.0115036   -0.0139494   

900000
-3   -2   -1   0   1   2   3   
-0.384564   -0.278857   -0.163218   -5.55538e-07   0.163221   0.278868   0.384552   
0.0103112   0.00777744   0.00397805   0.00387041   0.00397795   0.0077773   0.0103108   
0.01257   0.0138246   0.0113788   1.33884e-07   -0.0113796   -0.0138273   -0.0125678   

905000
-3   -2   -1   0   1   2   
-0.384692   -0.278292   -0.162678   -4.75642e-07   0.162681   0.278303   
0.0102895   0.00776299   0.00397078   0.00385372   0.00397069   0.00776285   
0.0126045   0.0137035   0.0112542   1.16133e-07   -0.011255   -0.0137062   

910000
-3   -2   0   2   3   7   
-0.38482   -0.277732   -1.00718e-09   0.277743   0.384809   0.618668   
0.010267   0.00774866   0.00383689   0.00774851   0.0102666   0.0589161   
0.0126399   0.0135835   2.67177e-10   -0.0135862   -0.0126377   0.0166487   

915000
-3   -2   -1   0   1   2   
-0.38495   -0.277177   -0.161624   -9.77717e-10   0.161627   0.277187   
0.0102438   0.00773446   0.00395508   0.00381995   0.00395499   0.00773433   
0.0126764   0.0134645   0.0110133   2.88457e-10   -0.0110141   -0.0134672   

920000
-3   -2   -1   0   1   
-0.385081   -0.276627   -0.161112   -4.33093e-09   0.161115   
0.0102201   0.00772038   0.00394641   0.00380293   0.00394632   
0.0127139   0.0133466   0.0108975   9.60175e-10   -0.0108983   

925000
-7   -2   -1   0   1   2   
-0.594825   -0.276081   -0.1606   2.91908e-11   0.160603   0.276092   
0.0575581   0.00770641   0.00393803   0.00378585   0.00393794   0.00770628   
-0.0175293   0.0132297   0.0107813   -1.47638e-11   -0.0107821   -0.0132323   

930000
-8   -1   0   1   
-0.582697   -0.160086   1.89487e-08   0.160089   
0.0766408   0.00392996   0.00376877   0.00392987   
-0.0110742   0.0106647   -5.30224e-09   -0.0106655   

935000
-1   0   1   2   
-0.159572   5.08807e-09   0.159575   0.275016   
0.00392218   0.00375163   0.0039221   0.00767867   
0.0105477   -1.15589e-09   -0.0105485   -0.0130013   

940000
-2   -1   0   1   
-0.274474   -0.159057   1.5553e-08   0.15906   
0.00766513   0.00391472   0.0037345   0.00391463   
0.0128846   0.0104305   -3.74672e-09   -0.0104312   

945000
-5   -1   0   1   2   
-0.527568   -0.158541   3.65297e-09   0.158544   0.273956   
0.0242194   0.00390759   0.00371736   0.00390751   0.00765144   
-0.00724165   0.0103129   -7.26716e-10   -0.0103137   -0.0127738   

950000
-2   -1   0   1   2   
-0.273422   -0.158025   1.18981e-09   0.158028   0.273433   
0.00763807   0.0039008   0.00370022   0.00390071   0.00763796   
0.0126588   0.0101952   -2.62395e-10   -0.010196   -0.0126614   

955000
-2   -1   0   1   
-0.272903   -0.157509   -9.88232e-09   0.157512   
0.00762467   0.00389431   0.00368306   0.00389423   
0.0125472   0.0100774   2.03167e-09   -0.0100781   

960000
-3   -2   -1   0   1   16   
-0.386164   -0.272387   -0.156993   2.04593e-08   0.156996   0.631706   
0.0100071   0.00761136   0.00388812   0.00366587   0.00388804   0.200572   
0.0130526   0.0124363   0.00995934   -5.50429e-09   -0.0099601   -0.0458042   

965000
-2   -1   0   1   2   
-0.271875   -0.156476   6.53488e-10   0.156479   0.271886   
0.0075981   0.00388221   0.0036487   0.00388213   0.00759799   
0.0123262   0.00984127   -1.73189e-10   -0.00984202   -0.0123288   

970000
-2   -1   0   1   
-0.271366   -0.15596   -1.58431e-08   0.155963   
0.00758493   0.00387657   0.00363162   0.00387649   
0.0122167   0.00972329   3.8932e-09   -0.00972402   

975000
-2   -1   0   1   
-0.27086   -0.155474   1.32924e-09   0.155477   
0.00757182   0.00386924   0.00361467   0.00386917   
0.0121079   0.00961348   -3.01825e-10   -0.00961422   

980000
-2   -1   0   1   2   
-0.270357   -0.154997   -7.52457e-08   0.155   0.270367   
0.00755876   0.00386156   0.00359792   0.00386148   0.00755866   
0.0119997   0.00950612   2.04749e-08   -0.00950685   -0.0120022   

985000
-3   -2   -1   0   1   2   
-0.386822   -0.269857   -0.154519   -3.33713e-10   0.154522   0.269867   
0.00987994   0.00754577   0.00385411   0.00358316   0.00385404   0.00754567   
0.0132638   0.0118921   0.00939853   9.94059e-11   -0.00939927   -0.0118946   

990000
-2   -1   0   
-0.26936   -0.154042   4.40106e-08   
0.00753283   0.00384691   0.00356991   
0.0117851   0.00929084   -1.09617e-08   

995000
-8   -3   -2   0   1   2   3   8   
-0.622786   -0.387061   -0.268867   -3.31468e-10   0.153567   0.268877   0.387049   0.623043   
0.0771802   0.00983613   0.00751995   0.00355644   0.00383987   0.00751985   0.00983576   0.0772037   
-0.0101338   0.0133415   0.0116788   1.03901e-10   -0.00918372   -0.0116813   -0.0133391   0.0100702   

1000000
-5   -2   -1   0   1   2   7   
-0.543657   -0.268376   -0.153087   -2.48136e-10   0.15309   0.268386   0.621583   
0.0284848   0.00750712   0.00383323   0.0035428   0.00383315   0.00750702   0.0590093   
-0.00530756   0.0115731   0.00907504   8.83085e-11   -0.00907576   -0.0115756   0.0165574   

1005000
-2   -1   0   1   2   
-0.267888   -0.152609   5.26125e-10   0.152612   0.267898   
0.00749435   0.00382676   0.00352902   0.00382669   0.00749424   
0.0114681   0.00896698   -1.17973e-10   -0.00896768   -0.0114706   

1010000
-2   -1   0   1   2   
-0.267403   -0.152132   5.19152e-09   0.152135   0.267413   
0.00748163   0.00382055   0.00351512   0.00382048   0.00748153   
0.0113636   0.00885877   -1.41457e-09   -0.00885948   -0.0113661   

1015000
-7   -6   -3   -2   -1   0   1   2   
-0.622226   -0.587432   -0.387446   -0.266921   -0.151654   1.14796e-09   0.151657   0.266932   
0.0590028   0.0426654   0.00977211   0.00746897   0.00381458   0.00350114   0.00381451   0.00746888   
-0.0165605   -0.0131761   0.0134742   0.0112598   0.00875048   -2.16015e-10   -0.00875119   -0.0112623   

1020000
-3   -2   -1   0   1   3   
-0.387515   -0.266443   -0.151177   -1.06178e-07   0.15118   0.387504   
0.00976314   0.00745636   0.00380885   0.00348708   0.00380879   0.00976265   
0.0135002   0.0111566   0.00864215   2.89208e-08   -0.00864285   -0.0134979   

1025000
-3   -2   -1   0   1   2   3   
-0.387571   -0.265967   -0.1507   6.97205e-09   0.150703   0.265977   0.387559   
0.00975767   0.00744381   0.00380337   0.003473   0.00380331   0.00744372   0.00975715   
0.0135224   0.0110541   0.00853382   -1.4236e-09   -0.00853452   -0.0110565   -0.0135202   

1030000
-3   -2   -1   0   1   2   3   6   
-0.387612   -0.265494   -0.150223   5.9056e-09   0.150226   0.265504   0.387601   0.587754   
0.009756   0.00743133   0.00379813   0.00345892   0.00379807   0.00743123   0.00975544   0.0426619   
0.0135406   0.0109521   0.00842554   -1.45334e-09   -0.00842624   -0.0109546   -0.0135384   0.0131936   

1035000
-4   -3   -2   -1   0   1   2   3   
-0.467853   -0.387638   -0.265024   -0.149748   2.19599e-09   0.14975   0.265034   0.387627   
0.0188787   0.00975842   0.00741891   0.00379312   0.00344488   0.00379306   0.00741881   0.00975783   
0.00457865   0.0135543   0.0108507   0.0083174   -4.64827e-10   -0.00831811   -0.0108532   -0.0135521   

1040000
-6   -3   -2   0   3   
-0.587973   -0.387648   -0.264557   -5.99556e-09   0.387637   
0.0426563   0.00976529   0.00740656   0.00343091   0.00976458   
-0.0132051   0.0135634   0.01075   2.02648e-10   -0.0135613   

1045000
-3   -2   -1   0   1   2   6   
-0.387642   -0.264092   -0.148837   9.78042e-10   0.148839   0.264102   0.588104   
0.00977667   0.00739428   0.00378128   0.00341701   0.00378122   0.00739418   0.0426538   
0.0135676   0.0106499   0.00811178   -3.40823e-10   -0.00811244   -0.0106523   0.013209   

1050000
-6   -2   -1   0   1   2   
-0.588212   -0.263631   -0.148401   3.75007e-09   0.148404   0.263641   
0.0426507   0.00738207   0.00377443   0.0034032   0.00377437   0.00738197   
-0.0132161   0.0105504   0.00801403   -5.4708e-10   -0.00801471   -0.0105528   

1055000
-3   -2   -1   0   1   2   
-0.38758   -0.263172   -0.147966   6.76243e-10   0.147969   0.263183   
0.00981414   0.00736995   0.00376778   0.00338951   0.00376771   0.00736984   
0.013561   0.0104515   0.00791632   -1.52765e-10   -0.00791698   -0.0104539   

1060000
-2   -1   0   1   2   3   6   
-0.262717   -0.147531   -6.20914e-09   0.147534   0.262727   0.387513   0.588471   
0.00735792   0.00376132   0.00337685   0.00376126   0.00735782   0.00983957   0.0426427   
0.0103531   0.00781862   1.52971e-09   -0.00781929   -0.0103556   -0.0135481   0.0132262   

1065000
-3   -2   -1   0   1   2   
-0.387454   -0.262264   -0.147097   -6.32744e-08   0.1471   0.262274   
0.00987165   0.00734598   0.00375508   0.00336557   0.00375502   0.00734588   
0.0135344   0.0102554   0.00772093   1.58911e-08   -0.0077216   -0.0102578   

1070000
-3   -2   -1   0   1   2   9   
-0.387369   -0.261814   -0.146663   9.71498e-10   0.146666   0.261824   0.619485   
0.00990784   0.0073341   0.00374904   0.00335413   0.00374898   0.007334   0.0958666   
0.0135142   0.0101583   0.00762328   -2.1246e-10   -0.00762394   -0.0101607   -0.00428798   

1075000
-6   -2   -1   0   1   2   3   
-0.588868   -0.261366   -0.14623   -4.44324e-09   0.146233   0.261377   0.387263   
0.0426272   0.00732226   0.00374321   0.00334256   0.00374315   0.00732216   0.00994779   
-0.0132437   0.0100619   0.00752565   1.11008e-09   -0.00752631   -0.0100643   -0.013488   

1080000
-2   -1   0   1   6   
-0.260922   -0.145797   2.01987e-09   0.1458   0.569566   
0.00731047   0.00373758   0.00333094   0.00373753   0.0394392   
0.0099662   0.00742801   -5.06985e-10   -0.00742867   0.0144172   

1085000
-2   -1   0   1   2   
-0.260481   -0.145365   1.85739e-09   0.145367   0.260491   
0.00729874   0.00373215   0.00331925   0.00373209   0.00729864   
0.00987119   0.0073304   -3.91154e-10   -0.00733105   -0.00987358   

1090000
-2   -1   0   1   2   
-0.260043   -0.144932   1.36106e-09   0.144935   0.260053   
0.00728703   0.00372693   0.00330754   0.00372687   0.00728694   
0.00977688   0.00723278   -3.20021e-10   -0.00723343   -0.00977927   

1095000
-2   -1   0   1   3   
-0.259607   -0.144501   2.28509e-09   0.144503   0.386806   
0.0072754   0.0037219   0.00329582   0.00372185   0.010152   
0.00968328   0.00713521   -4.2296e-10   -0.00713585   -0.0133595   

1100000
-6   -2   -1   0   1   2   
-0.589639   -0.259174   -0.144069   -6.83675e-09   0.144072   0.259184   
0.0425914   0.00726385   0.00371708   0.00328414   0.00371702   0.00726375   
-0.013273   0.00959038   0.00703769   1.532e-09   -0.00703833   -0.00959276   

1105000
-3   -2   -1   0   1   2   3   6   
-0.386788   -0.258744   -0.143638   1.18322e-09   0.143641   0.258754   0.386769   0.589827   
0.0102073   0.00725233   0.00371245   0.00327251   0.0037124   0.00725223   0.0102089   0.0425819   
0.0133361   0.00949819   0.0069403   -2.67586e-10   -0.00694093   -0.00950054   -0.0133323   0.0132774   

1110000
-3   -2   -1   0   1   2   
-0.38723   -0.258316   -0.143209   3.78989e-10   0.143211   0.258326   
0.0100916   0.00724084   0.00370801   0.00326093   0.00370796   0.00724075   
0.0134373   0.00940667   0.00684309   -1.48144e-10   -0.00684372   -0.00940903   

1115000
-2   -1   0   1   2   3   13   
-0.25789   -0.14278   4.21818e-10   0.142782   0.2579   0.387491   0.674579   
0.00722945   0.00370376   0.00324942   0.0037037   0.00722936   0.0100284   0.158212   
0.00931582   0.00674612   -1.16608e-10   -0.00674674   -0.00931815   -0.0134969   -0.0296939   

1120000
-8   -5   -2   -1   0   1   
-0.62766   -0.539756   -0.257466   -0.142367   1.62788e-10   0.142369   
0.0783066   0.0277115   0.00721819   0.00369871   0.00323803   0.00369866   
-0.00743087   -0.00415347   0.00922553   0.00665305   -1.14205e-10   -0.00665368   

1125000
-2   -1   0   1   2   6   
-0.257044   -0.141976   -9.31471e-09   0.141979   0.257054   0.59063   
0.00720715   0.00369236   0.00322674   0.0036923   0.00720705   0.0425335   
0.00913572   0.00656571   2.2549e-09   -0.00656633   -0.00913805   0.0133015   

1130000
-6   -5   -4   -2   -1   0   1   2   3   
-0.59085   -0.535299   -0.473335   -0.256624   -0.141586   -1.24449e-09   0.141588   0.256634   0.388115   
0.042518   0.0289424   0.0179774   0.00719642   0.00368618   0.00321706   0.00368613   0.00719631   0.00990052   
-0.0133093   -0.00462982   0.00458519   0.00904623   0.00647839   3.69121e-10   -0.00647901   -0.00904856   -0.0136368   

1135000
-3   -2   -1   0   1   2   
-0.388305   -0.256206   -0.141196   -1.14932e-08   0.141199   0.256216   
0.00986757   0.00718607   0.00368019   0.00320738   0.00368014   0.00718595   
0.0136787   0.00895694   0.0063911   2.95535e-09   -0.00639172   -0.00895928   

1140000
-2   -1   0   1   2   
-0.255789   -0.140807   -1.72819e-08   0.14081   0.255799   
0.00717611   0.00367437   0.00319768   0.00367432   0.00717598   
0.0088678   0.00630387   3.07006e-09   -0.00630448   -0.00887015   

1145000
-2   -1   0   1   2   3   
-0.255374   -0.140418   -2.6185e-10   0.140421   0.255384   0.388619   
0.00716653   0.00366874   0.00318795   0.00366869   0.00716639   0.00980876   
0.00877881   0.00621667   6.71119e-11   -0.00621728   -0.00878116   -0.0137486   

1150000
-2   -1   0   1   2   5   
-0.254961   -0.14003   -3.83342e-09   0.140032   0.254972   0.535573   
0.00715732   0.00366327   0.00317822   0.00366322   0.00715716   0.0289388   
0.00868997   0.00612949   1.10208e-09   -0.00613009   -0.00869233   0.00463546   

1155000
-2   -1   0   1   2   4   
-0.254585   -0.139642   -7.16476e-09   0.139644   0.25459   0.462823   
0.00714806   0.00365798   0.00316852   0.00365793   0.00714796   0.0131918   
0.00860931   0.00604231   2.9429e-09   -0.00604291   -0.00861041   -0.00326726   

1160000
-2   -1   0   1   2   
-0.254324   -0.139254   3.23338e-08   0.139257   0.254328   
0.00713784   0.00365286   0.00315885   0.00365281   0.00713774   
0.00855484   0.00595515   -7.03813e-09   -0.00595574   -0.00855598   

1165000
-2   -1   0   1   2   
-0.254059   -0.138867   5.75053e-08   0.138869   0.254063   
0.0071278   0.00364791   0.00314928   0.00364786   0.00712769   
0.00849954   0.005868   -1.20918e-08   -0.00586859   -0.00850072   

1170000
-2   -1   0   1   2   
-0.253826   -0.138479   -3.23338e-10   0.138482   0.253829   
0.00710955   0.00364313   0.00313977   0.00364308   0.00710972   
0.00845376   0.00578087   5.4903e-11   -0.00578146   -0.00845463   

1175000
-4   -3   -2   -1   0   1   2   3   6   
-0.463164   -0.389442   -0.253579   -0.138092   -4.5258e-08   0.138094   0.253583   0.389457   0.594065   
0.013142   0.0096715   0.00709449   0.00363852   0.00313038   0.00363847   0.00709455   0.00967143   0.0424011   
0.00335058   0.0139297   0.0084035   0.00569367   1.05593e-08   -0.00569425   -0.00840454   -0.0139333   0.0134428   

1180000
-8   -2   -1   0   1   2   8   
-0.628921   -0.253324   -0.137705   5.70173e-11   0.137707   0.253329   0.629183   
0.0783256   0.00708121   0.00363408   0.00312111   0.00363403   0.00708123   0.0783505   
-0.00734752   0.0083507   0.00560644   -2.8854e-12   -0.00560701   -0.00835181   0.00728486   

1185000
-2   -1   1   2   3   5   
-0.253064   -0.137317   0.137319   0.253069   0.388811   0.536092   
0.00706884   0.00362981   0.00362976   0.00706884   0.00962222   0.0289281   
0.00829652   0.00551917   -0.00551974   -0.00829769   -0.0137971   0.00464023   

1190000
-3   -2   -1   0   1   2   3   
-0.388474   -0.252802   -0.13693   2.12936e-08   0.136932   0.252807   0.388489   
0.00959838   0.00705706   0.0036257   0.00310383   0.00362566   0.00705704   0.00959837   
0.0137255   0.00824145   0.00543192   -4.47055e-09   -0.00543248   -0.00824266   -0.0137292   

1195000
-5   -3   -2   -1   0   1   2   3   
-0.536255   -0.388153   -0.252538   -0.136543   1.77521e-08   0.136545   0.252543   0.388168   
0.0289241   0.00957494   0.00704572   0.00362175   0.0030958   0.00362171   0.00704569   0.00957491   
-0.0046394   0.0136578   0.00818573   0.00534473   -4.53376e-09   -0.00534526   -0.00818697   -0.0136614   

1200000
-2   0   1   2   3   5   12   
-0.252272   -9.41537e-10   0.136158   0.252277   0.387848   0.536328   0.655309   
0.00703472   0.0030878   0.00361792   0.00703468   0.00955189   0.0289211   0.143473   
0.00812954   1.6819e-10   -0.00525814   -0.0081308   -0.0135938   0.00464115   -0.0240599   

1205000
-4   -2   -1   0   1   2   5   
-0.474414   -0.252005   -0.135773   6.59111e-10   0.135776   0.25201   0.536409   
0.0176933   0.00702399   0.00361409   0.00307986   0.00361404   0.00702395   0.0289184   
0.0049201   0.00807299   0.00517137   -1.08692e-10   -0.00517192   -0.00807427   0.00464118   

1210000
-5   -3   -2   -1   0   1   2   3   
-0.536498   -0.387196   -0.251737   -0.13542   1.18886e-08   0.135422   0.251743   0.387211   
0.0289156   0.00950704   0.00701347   0.00360836   0.00307198   0.00360832   0.00701343   0.00950704   
-0.0046397   0.0134556   0.0080162   0.00509233   -2.67955e-09   -0.00509289   -0.00801751   -0.0134592   

1215000
-2   -1   0   1   2   3   6   
-0.25147   -0.135066   -1.93021e-09   0.135068   0.251475   0.386894   0.59768   
0.00700316   0.00360278   0.00306422   0.00360274   0.00700311   0.00948515   0.0424658   
0.00795924   0.00501327   4.09933e-10   -0.00501382   -0.00796057   -0.0133922   0.0136781   

1220000
-2   -1   0   1   2   5   6   
-0.251202   -0.134911   5.81632e-10   0.134909   0.251207   0.520803   0.577214   
0.00699301   0.00359721   0.00305657   0.00359718   0.00699296   0.0241934   0.0391213   
0.00790216   0.00498118   -1.74351e-10   -0.00498082   -0.0079035   0.00615815   0.0148181   

1225000
-3   -2   -1   0   1   2   
-0.386249   -0.250934   -0.134878   -4.45258e-10   0.134878   0.25094   
0.00944237   0.00698301   0.00359174   0.00304906   0.0035917   0.00698296   
0.0132554   0.00784502   0.00497817   1.28859e-10   -0.00497808   -0.00784638   

1230000
-3   -2   -1   0   1   2   3   
-0.385936   -0.250666   -0.134785   1.95867e-10   0.134785   0.250672   0.385951   
0.00942144   0.00697316   0.00358648   0.00304171   0.00358644   0.0069731   0.00942142   
0.0131891   0.00778784   0.00496061   -6.21704e-11   -0.00496062   -0.00778921   -0.0131926   

1235000
-3   -2   -1   0   1   3   
-0.385624   -0.250399   -0.134653   -1.62171e-09   0.134654   0.385639   
0.00940081   0.00696345   0.00358142   0.00303453   0.00358138   0.00940078   
0.0131231   0.00773067   0.00493401   4.02701e-10   -0.0049341   -0.0131266   

1240000
-6   -3   -1   0   1   2   3   6   
-0.598666   -0.385314   -0.134495   -4.54305e-09   0.134495   0.250138   0.385328   0.598673   
0.0424758   0.00938044   0.00357653   0.00302754   0.00357649   0.00695378   0.00938042   0.0424759   
-0.0137386   0.0130573   0.00490108   1.08209e-09   -0.00490119   -0.00767494   -0.0130608   0.0137382   

1245000
-3   -2   -1   0   1   2   3   5   
-0.385005   -0.249866   -0.134317   -6.92093e-09   0.134318   0.249872   0.385019   0.521176   
0.00936035   0.00694436   0.00357182   0.00302106   0.00357178   0.0069443   0.00936033   0.0241704   
0.0129918   0.00761648   0.00486344   1.80762e-09   -0.00486359   -0.00761788   -0.0129953   0.00616393   

1250000
-2   -1   0   1   2   3   5   
-0.2496   -0.134123   6.19398e-10   0.134124   0.249606   0.384712   0.537195   
0.00693499   0.00356728   0.00301471   0.00356724   0.00693493   0.00934049   0.0288846   
0.0075595   0.00482208   -1.23112e-10   -0.00482226   -0.0075609   -0.01293   0.00463894   

1255000
-3   -2   -1   0   1   2   3   
-0.384391   -0.249336   -0.133917   3.20608e-10   0.133918   0.249341   0.384405   
0.00932092   0.00692573   0.0035629   0.00300847   0.00356286   0.00692566   0.00932091   
0.0128616   0.00750263   0.00477772   -6.46937e-11   -0.00477792   -0.00750404   -0.0128651   

1260000
-3   -2   -1   0   1   2   3   
-0.384085   -0.249071   -0.133701   -1.4117e-08   0.133702   0.249077   0.3841   
0.00930157   0.00691656   0.00355869   0.00300235   0.00355865   0.00691649   0.00930154   
0.0127969   0.00744588   0.00473085   3.33551e-09   -0.00473107   -0.0074473   -0.0128004   

1265000
-6   -3   -2   -1   0   1   2   3   8   
-0.599206   -0.383782   -0.248808   -0.133475   2.86799e-08   0.133476   0.248814   0.383796   0.5903   
0.0424615   0.00928244   0.00690748   0.00355464   0.00299637   0.0035546   0.00690742   0.00928241   0.0777793   
-0.0137585   0.0127325   0.00738926   0.00468184   -6.75668e-09   -0.00468208   -0.00739069   -0.0127359   0.00828915   

1270000
-3   -2   -1   0   1   3   
-0.383479   -0.248546   -0.133242   3.31066e-09   0.133243   0.383494   
0.00926353   0.00689852   0.00355075   0.00299056   0.00355071   0.00926354   
0.0126683   0.00733277   0.00463102   -7.17047e-10   -0.00463126   -0.0126717   

1275000
-3   -2   -1   0   1   2   3   
-0.383178   -0.248284   -0.133002   5.06693e-10   0.133003   0.24829   0.383193   
0.00924484   0.00688965   0.00354702   0.00298491   0.00354698   0.00688958   0.00924481   
0.0126044   0.00727642   0.00457861   -1.00805e-10   -0.00457887   -0.00727787   -0.0126078   

1280000
-3   -2   -1   0   1   3   
-0.382879   -0.248023   -0.132756   -1.40469e-08   0.132757   0.382893   
0.00922635   0.00688086   0.00354344   0.00297947   0.00354341   0.00922635   
0.0125407   0.00722021   0.00452485   3.43179e-09   -0.00452512   -0.0125441   

1285000
-3   -2   -1   0   1   2   3   9   
-0.38258   -0.247763   -0.132506   4.97433e-10   0.132507   0.247769   0.382594   0.6232   
0.00920805   0.00687215   0.00354001   0.00297424   0.00353998   0.00687208   0.00920806   0.0958966   
0.0124774   0.00716414   0.00446993   -1.35851e-10   -0.0044702   -0.00716559   -0.0124807   -0.00479869   

1290000
-3   -2   -1   0   1   2   3   
-0.382283   -0.247504   -0.132251   -3.46865e-08   0.132252   0.24751   0.382297   
0.00918995   0.00686351   0.00353672   0.00296922   0.00353669   0.00686344   0.00918997   
0.0124143   0.00710822   0.00441401   8.8019e-09   -0.0044143   -0.00710968   -0.0124176   

1295000
-3   -2   -1   0   1   2   3   
-0.381987   -0.247246   -0.131996   -1.47557e-08   0.131997   0.247252   0.382002   
0.00917203   0.00685495   0.00353338   0.00296425   0.00353335   0.00685487   0.00917202   
0.0123514   0.00705248   0.00435799   3.57724e-09   -0.00435829   -0.00705394   -0.0123548   

1300000
-3   -2   -1   0   1   3   
-0.381693   -0.246988   -0.131771   1.77014e-10   0.131772   0.381707   
0.0091543   0.00684645   0.00352823   0.00295944   0.00352819   0.00915432   
0.0122889   0.00699689   0.00430915   2.23861e-11   -0.00430944   -0.0122922   

1305000
-9   -5   -3   -1   0   1   2   3   4   
-0.622937   -0.538385   -0.3814   -0.131542   -1.01173e-09   0.131543   0.246738   0.381414   0.475233   
0.0958248   0.0288095   0.00913675   0.00352321   0.00295481   0.00352318   0.00683796   0.00913674   0.017083   
0.00472276   -0.00462451   0.0122266   0.00425936   2.38553e-10   -0.00425965   -0.00694294   -0.0122299   -0.00558681   

1310000
-3   -2   -1   0   1   2   
-0.381109   -0.246476   -0.131309   4.42127e-10   0.13131   0.246483   
0.00911937   0.00682969   0.00351833   0.00295038   0.0035183   0.00682962   
0.0121646   0.00688621   0.00420863   -8.48526e-11   -0.00420893   -0.00688768   

1315000
-10   -3   -1   0   1   
-0.584692   -0.380818   -0.131073   2.80423e-09   0.131074   
0.113401   0.00910214   0.00351358   0.00294616   0.00351355   
0.0078265   0.0121028   0.0041571   -7.29695e-10   -0.00415741   

1320000
-3   -2   -1   0   1   2   
-0.38053   -0.245968   -0.130834   -3.42128e-09   0.130836   0.245974   
0.0090851   0.0068132   0.00350896   0.00294217   0.00350893   0.00681313   
0.0120413   0.00677621   0.00410486   9.4593e-10   -0.00410518   -0.00677769   

1325000
-2   -1   0   1   2   
-0.245715   -0.130593   4.42162e-09   0.130594   0.245722   
0.00680506   0.00350448   0.00293841   0.00350445   0.00680498   
0.00672147   0.00405193   -9.17162e-10   -0.00405225   -0.00672294   

1330000
-3   -2   -1   0   1   10   
-0.371036   -0.245464   -0.130348   1.9407e-09   0.13035   0.629595   
0.00551552   0.00679697   0.00350013   0.00293491   0.00350009   0.112229   
0.0103895   0.00666688   0.00399836   -4.93335e-10   -0.00399868   -0.0122266   

1335000
-5   -3   -2   -1   0   1   
-0.52295   -0.379671   -0.245212   -0.130102   -5.23566e-09   0.130103   
0.0240312   0.00903487   0.00678893   0.0034959   0.00293168   0.00349588   
-0.00616307   0.0118586   0.00661244   0.00394423   1.29211e-09   -0.00394453   

1340000
-2   -1   0   1   
-0.244962   -0.129853   -6.76213e-11   0.129854   
0.00678096   0.00349181   0.00292827   0.00349178   
0.00655815   0.00388947   1.62691e-11   -0.0038898   

1345000
-4   -1   0   1   2   
-0.475424   -0.129601   2.86999e-10   0.129603   0.244719   
0.0168038   0.00348785   0.00292473   0.00348782   0.00677297   
0.00589962   0.00383423   -4.33527e-11   -0.00383456   -0.0065055   

1350000
-3   -2   -1   0   1   2   
-0.378825   -0.244464   -0.129349   2.27311e-08   0.12935   0.24447   
0.00898598   0.00676518   0.00348401   0.00292141   0.00348398   0.0067651   
0.0116782   0.00645003   0.00377852   -5.43617e-09   -0.00377885   -0.00645152   

1355000
-5   -3   -2   -1   0   1   
-0.539959   -0.378545   -0.244216   -0.129094   7.43643e-09   0.129095   
0.0286652   0.00896996   0.00675737   0.00348032   0.00291832   0.00348028   
-0.00459532   0.0116186   0.00639618   0.00372232   -1.70324e-09   -0.00372266   

1360000
-2   -1   0   1   3   
-0.243969   -0.128837   2.39793e-10   0.128838   0.369475   
0.0067496   0.00347675   0.00291548   0.00347672   0.00544435   
0.00634245   0.00366569   -3.17591e-11   -0.00366603   -0.0100536   

1365000
-2   -1   0   1   
-0.243722   -0.128578   -1.23914e-08   0.12858   
0.00674189   0.00347332   0.00291288   0.00347329   
0.00628885   0.00360864   3.1685e-09   -0.00360898   

1370000
-3   -2   -1   0   1   2   
-0.368958   -0.243476   -0.128319   3.45797e-10   0.12832   0.243482   
0.00543116   0.00673423   0.00347003   0.00291055   0.00347   0.00673415   
0.00994146   0.00623533   0.0035512   -5.41025e-11   -0.00355154   -0.00623682   

1375000
-1   0   1   2   11   
-0.128057   3.96037e-10   0.128058   0.243237   0.641151   
0.00346687   0.00290849   0.00346684   0.00672654   0.127859   
0.0034934   -6.12748e-11   -0.00349373   -0.00618338   -0.018534   

1380000
-2   -1   0   1   2   
-0.242986   -0.127794   3.57427e-09   0.127796   0.242992   
0.00671904   0.00346384   0.00290672   0.00346381   0.00671896   
0.00612854   0.00343528   -7.55797e-10   -0.00343561   -0.00613004   

1385000
-3   -2   -1   0   1   7   
-0.376894   -0.242741   -0.12753   6.25543e-10   0.127532   0.633493   
0.00887657   0.00671151   0.00346093   0.00290481   0.0034609   0.0590289   
0.0112663   0.00607529   0.00337687   -1.49619e-10   -0.00337721   0.0162988   

1390000
-2   -1   0   1   3   
-0.242497   -0.127265   3.00941e-08   0.127267   0.376636   
0.00670403   0.00345813   0.00290243   0.00345811   0.00886141   
0.00602213   0.00331822   -7.44291e-09   -0.00331855   -0.0112117   

1395000
-3   -2   0   
-0.376353   -0.242254   -1.24106e-09   
0.00884643   0.0066966   0.0029003   
0.0111508   0.00596906   2.54027e-10   

1400000
-3   -2   -1   0   1   2   3   17   
-0.36744   -0.242011   -0.126763   1.1358e-08   0.126764   0.242017   0.376098   0.782698   
0.00537199   0.00668921   0.0034509   0.00289841   0.00345087   0.00668914   0.0088315   0.212673   
0.00961345   0.00591609   0.00320734   -2.44774e-09   -0.00320768   -0.00591758   -0.0110967   -0.0560482   

1405000
-4   -3   -2   -1   0   1   2   3   
-0.475503   -0.375818   -0.241768   -0.126526   3.29567e-12   0.126527   0.241775   0.375831   
0.0164491   0.00881676   0.00668187   0.00344645   0.00289677   0.00344642   0.0066818   0.00881672   
0.00636531   0.0110363   0.00586323   0.00315501   8.57098e-12   -0.00315535   -0.00586472   -0.0110395   

1410000
-2   -1   0   1   2   3   8   
-0.241527   -0.126287   7.87939e-11   0.126288   0.241533   0.375565   0.632836   
0.00667457   0.00344212   0.0028954   0.0034421   0.0066745   0.00880205   0.0778407   
0.00581047   0.00310236   -4.2318e-12   -0.00310269   -0.00581196   -0.0109826   0.00752904   

1415000
-2   -1   0   1   7   
-0.241285   -0.126047   -1.91248e-10   0.126048   0.633737   
0.00666731   0.00343792   0.0028943   0.0034379   0.0589014   
0.00575782   0.0030494   4.91738e-11   -0.00304974   0.0162974   

1420000
-3   -2   -1   0   1   
-0.375022   -0.241045   -0.125806   8.85493e-09   0.125807   
0.00877308   0.0066601   0.00343383   0.00289348   0.0034338   
0.0108662   0.00570529   0.00299625   -2.22396e-09   -0.00299659   

1425000
-2   -1   0   1   3   
-0.240805   -0.125564   -8.36386e-08   0.125566   0.374773   
0.00665294   0.00342985   0.00289293   0.00342982   0.0087587   
0.00565287   0.00294289   2.21242e-08   -0.00294323   -0.0108131   

1430000
-3   -2   -1   1   2   
-0.374497   -0.240566   -0.125322   0.125324   0.240572   
0.00874452   0.00664581   0.00342598   0.00342595   0.00664575   
0.0107539   0.00560057   0.00288935   -0.00288969   -0.00560205   

1435000
-3   -2   -1   0   1   3   
-0.374236   -0.240327   -0.125079   1.14306e-09   0.125081   0.37425   
0.00873038   0.00663873   0.00342222   0.00289102   0.00342219   0.00873033   
0.010698   0.00554838   0.00283564   -2.54585e-10   -0.00283597   -0.0107011   

1440000
-1   0   1   2   3   
-0.124836   -1.73816e-10   0.124837   0.240095   0.37399   
0.00341857   0.00288959   0.00341854   0.00663162   0.0087163   
0.0027818   3.97262e-11   -0.00278213   -0.00549781   -0.0106454   

1445000
-3   -2   -1   0   1   4   
-0.373718   -0.239852   -0.124592   1.12631e-08   0.124593   0.471655   
0.00870242   0.0066247   0.00341504   0.00288843   0.00341501   0.0180492   
0.0105868   0.00544439   0.00272785   -2.94176e-09   -0.00272818   -0.00576409   

1450000
-1   0   1   2   
-0.124348   1.39313e-08   0.124349   0.233322   
0.00341161   0.00288754   0.00341159   0.0038958   
0.00267382   -3.78763e-09   -0.00267415   -0.00421044   

1455000
-3   -2   -1   0   1   3   
-0.373203   -0.239379   -0.124104   1.66251e-08   0.124106   0.373216   
0.00867488   0.00661084   0.0034083   0.00288692   0.00340828   0.00867481   
0.0104765   0.00534088   0.00261994   -4.4836e-09   -0.00262027   -0.0104796   

1460000
-3   -2   -1   0   1   
-0.372947   -0.239144   -0.123861   5.91942e-08   0.123862   
0.00866123   0.00660397   0.00340511   0.00288658   0.00340508   
0.0104216   0.00528932   0.00256606   -1.60858e-08   -0.00256639   

1465000
-3   -1   0   1   2   3   
-0.372692   -0.123617   -1.42069e-08   0.123619   0.238915   0.372705   
0.0086477   0.00340204   0.00288651   0.00340201   0.00659707   0.00864765   
0.0103668   0.00251214   4.22959e-09   -0.00251246   -0.00523937   -0.01037   

1470000
-2   -1   0   1   
-0.238675   -0.123374   -4.33946e-10   0.123375   
0.00659036   0.00339907   0.00288673   0.00339905   
0.00518658   0.00245824   1.03047e-10   -0.00245856   

1475000
-8   -3   -1   1   2   
-0.633887   -0.372185   -0.12313   0.123131   0.238448   
0.0775058   0.00862091   0.00339623   0.00339621   0.00658355   
-0.00785305   0.0102579   0.00240435   -0.00240467   -0.00513688   

1480000
-5   -3   -1   0   1   17   
-0.546747   -0.371933   -0.122887   -1.63784e-09   0.122888   0.78342   
0.0282585   0.00860765   0.0033935   0.00288672   0.00339348   0.212837   
-0.00470843   0.0102038   0.00235051   3.9311e-10   -0.00235082   -0.056353   

1485000
-3   -2   -1   0   1   3   
-0.371681   -0.237982   -0.122644   -3.76034e-09   0.122645   0.371694   
0.00859447   0.00656907   0.00339088   0.00288536   0.00339086   0.00859443   
0.0101497   0.00503459   0.00229677   9.06377e-10   -0.00229708   -0.0101529   

1490000
-1   0   1   2   
-0.122401   4.69905e-09   0.122402   0.237761   
0.00338837   0.00288419   0.00338836   0.00656155   
0.00224318   -1.35089e-09   -0.00224347   -0.00498606   

1495000
-3   -1   0   1   2   
-0.371182   -0.122159   3.01069e-08   0.122161   0.237534   
0.00856844   0.00338597   0.0028832   0.00338595   0.00655416   
0.0100423   0.00218974   -8.08128e-09   -0.00219004   -0.00493621   

1500000
-3   -2   0   1   2   
-0.370933   -0.237301   3.15968e-09   0.12192   0.237307   
0.00855554   0.00654685   0.00288238   0.00338364   0.00654683   
0.00998878   0.00488498   -8.33452e-10   -0.00213685   -0.00488642   

