5000
-10   -9   -8   -7   -6   -5   -4   -3   -2   -1   0   1   2   3   4   5   6   7   8   9   10   11   12   13   
-0.381206   -0.348518   -0.317245   -0.288056   -0.262068   -0.243614   -0.243569   -0.228709   -0.127767   -0.0372342   0.05093   0.137277   0.222257   0.305638   0.386496   0.461445   0.474156   0.471148   0.488324   0.513898   0.543956   0.577436   0.613133   0.65025   
0.116812   0.105011   0.0934758   0.0822383   0.0718345   0.0622306   0.0532935   0.0463858   0.0451992   0.0446568   0.0446435   0.0450842   0.0459858   0.0474573   0.0497528   0.0534022   0.0640513   0.0786248   0.0928941   0.107174   0.121527   0.13549   0.149237   0.162888   
0.00376389   -0.000822013   -0.00527076   -0.00974666   -0.0143526   -0.019067   -0.0230293   -0.0304465   -0.0295395   -0.0261705   -0.0228884   -0.0197714   -0.0166632   -0.0133972   -0.0100775   -0.00793229   -0.0142521   -0.0247651   -0.0333757   -0.0407395   -0.0475328   -0.0541169   -0.0607478   -0.0675155   

10000
-10   -9   -8   -7   -6   -5   -4   -3   -2   -1   0   1   2   3   4   5   6   7   8   9   10   11   12   
-0.368828   -0.334703   -0.427096   -0.478171   -0.513497   -0.514502   -0.468102   -0.203598   -0.126116   -0.0350391   0.0535532   0.140738   0.226631   0.311019   0.393045   0.452029   0.74627   0.738808   0.714886   0.691973   0.598916   0.570237   0.606528   
0.108774   0.0962311   0.100226   0.0955299   0.0869204   0.0744178   0.0593413   0.0351265   0.031919   0.0315595   0.0316442   0.0320978   0.0329346   0.0342732   0.0363693   0.0416883   0.0751022   0.092765   0.108624   0.122943   0.12573   0.130407   0.145195   
0.00472467   0.000357473   0.0222928   0.0244194   0.0226112   0.0148785   0.00396332   -0.0235711   -0.0303009   -0.0262759   -0.022739   -0.0194265   -0.0161434   -0.0127619   -0.00912176   -0.00936928   -0.0483301   -0.0556585   -0.0624217   -0.0702548   -0.0670755   -0.0580164   -0.0641909   

15000
-10   -9   -8   -6   -5   -3   -2   -1   0   1   2   3   4   5   6   7   8   10   11   12   
-0.364779   -0.330135   -0.307776   -0.516164   -0.514019   -0.303943   -0.125875   -0.0343763   0.0543025   0.141814   0.228176   0.312745   0.395003   0.697252   0.765554   0.774135   0.743388   0.532895   0.568194   0.649723   
0.105528   0.0926084   0.0820171   0.0838677   0.0706746   0.0389826   0.026126   0.0258624   0.0259952   0.0264609   0.0272791   0.0285458   0.0305315   0.0515463   0.0693553   0.088573   0.106326   0.113087   0.128484   0.151894   
0.00517141   0.000889403   3.86142e-05   0.0198296   0.000759398   -0.0263263   -0.0304968   -0.0261551   -0.0224996   -0.0190998   -0.0157671   -0.0123243   -0.00849633   -0.0254718   -0.0299389   -0.0411981   -0.0554722   -0.053788   -0.0596126   -0.0768344   

20000
-10   -9   -7   -6   -5   -4   -3   -2   -1   0   1   2   3   4   5   6   7   8   10   11   12   
-0.491949   -0.271602   -0.336707   -0.48943   -0.512225   -0.407309   -0.285797   -0.126178   -0.0342571   0.0544746   0.142207   0.228668   0.313181   0.395548   0.694972   0.769693   0.781249   0.736794   0.616897   0.608624   0.648855   
0.123511   0.0943631   0.0757784   0.0802184   0.0685129   0.0502352   0.0364935   0.0227058   0.0225081   0.0226758   0.0231548   0.0239552   0.0251778   0.0270944   0.0491686   0.0665298   0.086232   0.104788   0.125117   0.150392   0.168112   
0.0288914   -0.00388764   0.0124273   0.0246357   -0.00129295   -0.0262821   -0.0309231   -0.0305824   -0.0259834   -0.0222626   -0.0188201   -0.0154372   -0.0119515   -0.00798964   -0.0229567   -0.0248515   -0.03675   -0.0572538   -0.0734981   -0.0691761   -0.0700638   

25000
-10   -9   -8   -7   -6   -4   -3   -2   -1   0   1   2   3   4   5   6   7   9   10   12   
-0.559198   -0.519266   -0.290686   -0.254052   -0.403116   -0.400581   -0.282747   -0.127369   -0.0344409   0.0543061   0.142059   0.228477   0.312872   0.395417   0.697052   0.773271   0.771008   0.620292   0.685428   0.677101   
0.13261   0.116151   0.07702   0.0653683   0.0719056   0.0483885   0.0348178   0.0203762   0.020236   0.0204312   0.0209152   0.0217037   0.0228984   0.0247657   0.0474205   0.0653943   0.0861248   0.111824   0.131238   0.168191   
0.0165808   0.0222692   -0.00256435   -0.00654097   0.0243175   -0.0279934   -0.0312906   -0.030649   -0.0257909   -0.0220252   -0.0185348   -0.0151067   -0.0115933   -0.00751686   -0.0231254   -0.0237662   -0.0427676   -0.072609   -0.0755801   -0.0623278   

30000
-10   -9   -8   -7   -4   -3   -2   -1   0   1   2   3   4   5   6   7   9   10   11   
-0.509626   -0.493248   -0.52511   -0.25264   -0.396423   -0.277258   -0.156146   -0.0347284   0.0539644   0.141668   0.228005   0.312266   0.39525   0.697608   0.768608   0.735035   0.676853   0.744774   0.764137   
0.133951   0.119538   0.105016   0.0644554   0.0473749   0.0333459   0.022706   0.0185733   0.018787   0.0192744   0.0200554   0.0212321   0.0230551   0.0462674   0.0636688   0.086479   0.115976   0.135654   0.150039   
0.00464073   0.00699458   0.016552   -0.00624816   -0.0293566   -0.0315768   -0.0285433   -0.0256039   -0.0217953   -0.0182611   -0.0147969   -0.0112649   -0.00705819   -0.0232659   -0.0224034   -0.0547285   -0.0719951   -0.0662333   -0.0635419   

35000
-10   -9   -8   -7   -6   -5   -4   -3   -2   -1   0   1   2   3   5   9   10   
-0.511789   -0.560202   -0.539003   -0.512544   -0.213568   -0.393563   -0.391677   -0.276778   -0.156254   -0.0350928   0.0535105   0.141134   0.227372   0.3115   0.692973   0.72297   0.768381   
0.133152   0.120197   0.105432   0.091023   0.0529288   0.0597156   0.0460248   0.0323715   0.0224346   0.0172892   0.0175168   0.0180075   0.0187843   0.019949   0.044965   0.117491   0.13608   
3.48953e-05   0.0024973   0.00565771   0.014238   -0.00986454   0.0270819   -0.0302311   -0.0311368   -0.0279541   -0.0254212   -0.0215723   -0.017999   -0.014505   -0.0109614   -0.0232259   -0.0619633   -0.0568226   

40000
-10   -9   -8   -5   -4   -3   -2   -1   0   1   2   3   4   5   8   
-0.566779   -0.56339   -0.555032   -0.325652   -0.486476   -0.275987   -0.157942   -0.0355109   0.0529854   0.140514   0.226649   0.310676   0.58749   0.692252   0.707203   
0.131392   0.120223   0.106892   0.0544462   0.0533537   0.0315155   0.0220558   0.0162593   0.016498   0.0169923   0.0177672   0.0189248   0.0311791   0.0441777   0.10069   
0.000363371   -0.00230217   -0.00164478   0.0200596   0.032483   -0.0308333   -0.0271307   -0.0252429   -0.0213564   -0.0177482   -0.0142297   -0.0106831   -0.0291308   -0.0233182   -0.0606457   

45000
-9   -7   -6   -5   -4   -3   -2   -1   0   1   3   4   6   8   
-0.496349   -0.545374   -0.532533   -0.413828   -0.437233   -0.273264   -0.16036   -0.0359659   0.0524157   0.139842   0.309879   0.587519   0.729296   0.686953   
0.116309   0.0923322   0.0788395   0.0604047   0.0510004   0.0305884   0.0215789   0.0154098   0.0156581   0.0161562   0.0180868   0.0305951   0.0703188   0.102369   
-0.00584448   -0.0035689   0.00188956   0.0291117   0.0366704   -0.0304523   -0.0262318   -0.0250691   -0.0211477   -0.0175084   -0.010434   -0.030076   -0.060722   -0.0478333   

50000
-7   -6   -4   -3   -2   -1   0   1   2   3   4   9   
-0.548644   -0.53008   -0.406835   -0.271645   -0.163853   -0.0364447   0.0518224   0.139181   0.225184   0.309054   0.58678   0.698309   
0.0917225   0.07777   0.0490814   0.029833   0.0211169   0.0146936   0.0149508   0.0154544   0.0162322   0.0173842   0.02988   0.116354   
-0.00975998   -0.00744633   0.0341129   -0.0300443   -0.0253802   -0.0249   -0.0209468   -0.0172856   -0.0137409   -0.0102002   -0.030643   -0.0389819   

55000
-8   -7   -6   -3   -2   -1   0   1   2   3   4   
-0.543213   -0.50092   -0.523801   -0.271176   -0.164993   -0.0369124   0.0512598   0.138533   0.224447   0.308208   0.587748   
0.102774   0.0882629   0.0763948   0.0293426   0.0205604   0.0140809   0.0143471   0.0148553   0.0156346   0.0167846   0.0293326   
-0.00961185   -0.0124056   -0.0123251   -0.0296972   -0.0247811   -0.0247403   -0.020761   -0.0170774   -0.0135194   -0.00997832   -0.0310037   

60000
-7   -6   -3   -2   -1   0   1   2   3   4   9   10   
-0.539449   -0.519714   -0.27228   -0.166711   -0.0373685   0.0506945   0.137874   0.223695   0.30735   0.58849   0.707896   0.763468   
0.0893494   0.0752373   0.02883   0.0201866   0.0135495   0.0138232   0.0143357   0.0151166   0.0162655   0.028886   0.113798   0.127871   
-0.015283   -0.018172   -0.0295012   -0.0242436   -0.0245889   -0.0205827   -0.0168775   -0.013307   -0.0097667   -0.0312712   -0.0324408   -0.0390509   

65000
-9   -3   -2   -1   0   1   2   3   4   7   
-0.539777   -0.271877   -0.167822   -0.0378319   0.0501201   0.137205   0.222936   0.306492   0.575187   0.785392   
0.113527   0.0285085   0.0198132   0.0130822   0.0133628   0.0138794   0.0146623   0.015811   0.0220765   0.0794204   
-0.00762794   -0.0291672   -0.0238739   -0.0244417   -0.0204098   -0.0166845   -0.0131032   -0.00956503   -0.0297367   -0.0262227   

70000
-7   -5   -3   -2   -1   0   1   2   3   4   10   
-0.531294   -0.47046   -0.272962   -0.168203   -0.0383021   0.0495381   0.136532   0.222176   0.305637   0.589487   0.703169   
0.087384   0.0588151   0.0281675   0.0194418   0.0126667   0.012954   0.0134747   0.0142599   0.0154091   0.0281358   0.128556   
-0.0153692   -0.0244338   -0.0290032   -0.0235074   -0.0242978   -0.0202413   -0.0164979   -0.0129075   -0.00937231   -0.031848   -0.0334741   

75000
-8   -7   -6   -5   -3   -2   -1   0   1   2   3   8   11   
-0.531722   -0.533214   -0.505974   -0.462585   -0.273761   -0.168096   -0.0387735   0.0489542   0.135859   0.221421   0.479864   0.731946   0.775654   
0.0998442   0.087506   0.0722067   0.0576221   0.0279001   0.0191024   0.0122946   0.0125877   0.0131127   0.0139005   0.0186203   0.0921392   0.142935   
-0.0116738   -0.0200117   -0.0232109   -0.0272992   -0.028824   -0.0230491   -0.0241579   -0.0200775   -0.0163176   -0.0127195   -0.0369984   -0.0185721   -0.0400272   

80000
-7   -5   -3   -2   -1   0   1   2   3   4   
-0.530679   -0.456792   -0.272602   -0.168401   -0.039238   0.0483764   0.135191   0.220675   0.481218   0.59024   
0.0868688   0.0566817   0.0278445   0.0186785   0.0119595   0.0122579   0.0127866   0.0135772   0.0184048   0.0275608   
-0.0193461   -0.0290222   -0.0283833   -0.022708   -0.0240228   -0.0199193   -0.0161433   -0.0125392   -0.0373304   -0.0322681   

85000
-6   -5   -3   -2   -1   0   1   2   3   4   13   
-0.500929   -0.4537   -0.275517   -0.168614   -0.0397045   0.0478069   0.134539   0.219945   0.481844   0.590643   0.795819   
0.0712859   0.0560288   0.0275916   0.0184073   0.0116551   0.0119591   0.0124918   0.0132849   0.0181638   0.02724   0.171436   
-0.0259325   -0.0295397   -0.0285085   -0.0223576   -0.0238905   -0.0197664   -0.0159768   -0.0123664   -0.0376948   -0.0324696   -0.0562902   

90000
-5   -4   -2   -1   0   1   2   3   13   
-0.449431   -0.390898   -0.169471   -0.040172   0.0472402   0.133897   0.219235   0.482356   0.795833   
0.0555546   0.0424308   0.0180754   0.011377   0.0116865   0.0122233   0.0130196   0.0179027   0.171244   
-0.0311563   -0.0294784   -0.0221883   -0.0237608   -0.0196175   -0.0158159   -0.0122018   -0.0380239   -0.0559485   

95000
-8   -3   -2   -1   0   1   2   3   6   
-0.491194   -0.276803   -0.169622   -0.040638   0.0466781   0.133262   0.218537   0.483271   0.752961   
0.0980233   0.0275349   0.017869   0.0111218   0.0114367   0.0119775   0.012777   0.0176118   0.0567242   
-0.0176982   -0.0281715   -0.0218403   -0.023634   -0.0194726   -0.01566   -0.0120432   -0.0382322   -0.017408   

100000
-7   -5   -4   -2   -1   0   1   2   3   4   
-0.526136   -0.443728   -0.380045   -0.170273   -0.0411017   0.0461218   0.132637   0.217852   0.48353   0.591697   
0.0853964   0.0548612   0.0409654   0.0175508   0.0108865   0.0112066   0.0117513   0.0125541   0.0174138   0.0266216   
-0.0204929   -0.0323927   -0.0311867   -0.0216494   -0.0235099   -0.0193315   -0.015509   -0.0118903   -0.0384358   -0.0329948   

105000
-6   -4   -3   -2   -1   0   1   3   4   13   
-0.497727   -0.378065   -0.272045   -0.170829   -0.0415624   0.0455722   0.132021   0.48421   0.591791   0.791905   
0.0697758   0.0405372   0.0262847   0.0172862   0.0106687   0.0109938   0.0115424   0.01714   0.0263163   0.17024   
-0.0248564   -0.0311722   -0.0269587   -0.0214402   -0.0233885   -0.0191941   -0.0153627   -0.0386533   -0.0331108   -0.0564699   

110000
-5   -4   -2   -1   0   1   3   
-0.444491   -0.376415   -0.171232   -0.0420192   0.0450296   0.131415   0.484786   
0.0538159   0.0401311   0.0170397   0.0104664   0.0107965   0.0113489   0.0168835   
-0.0311708   -0.0312798   -0.0212   -0.0232697   -0.0190602   -0.0152209   -0.038874   

115000
-5   -3   -2   -1   0   1   3   4   
-0.444934   -0.271813   -0.171787   -0.0424716   0.0444946   0.130821   0.485527   0.58868   
0.053697   0.0245927   0.0167945   0.0102779   0.0106128   0.0111689   0.0166363   0.024986   
-0.0305071   -0.0264899   -0.0210125   -0.0231535   -0.0189298   -0.0150833   -0.0390396   -0.0340017   

120000
-8   -5   -4   -2   -1   0   1   2   3   4   
-0.474521   -0.439821   -0.374048   -0.172272   -0.0429194   0.0439676   0.130237   0.215242   0.486066   0.587484   
0.0945352   0.0532405   0.0394988   0.0165921   0.0101018   0.0104413   0.0110011   0.0118172   0.0164141   0.0243473   
-0.0144073   -0.0322652   -0.0312267   -0.0208125   -0.0230397   -0.0188028   -0.0149499   -0.0113296   -0.0392269   -0.0340515   

125000
-7   -6   -4   -3   -2   -1   0   1   2   3   4   8   
-0.484169   -0.495002   -0.371221   -0.270522   -0.172786   -0.0433622   0.0434486   0.129664   0.214623   0.486663   0.58619   0.771594   
0.0808847   0.0683737   0.0393777   0.0238309   0.0163776   0.00993674   0.0102807   0.0108441   0.0116637   0.0161889   0.0237917   0.0871123   
-0.0192841   -0.0262402   -0.0315521   -0.0256859   -0.0206372   -0.0229284   -0.0186789   -0.0148204   -0.011201   -0.0394193   -0.0343447   -0.0161728   

130000
-3   -2   -1   0   1   2   4   
-0.272851   -0.173125   -0.0437997   0.0429381   0.129102   0.21402   0.586646   
0.023954   0.0161964   0.00978166   0.0101301   0.010697   0.01152   0.023503   
-0.0259498   -0.0204212   -0.0228194   -0.0185582   -0.0146946   -0.011077   -0.0342675   

135000
-5   -2   -1   0   1   2   3   4   8   
-0.442675   -0.17376   -0.0442319   0.0424358   0.128551   0.21343   0.487691   0.586712   0.727168   
0.0526908   0.0160308   0.00963569   0.00998839   0.0105587   0.0113851   0.0158123   0.0232241   0.0856935   
-0.0305515   -0.0203001   -0.0227126   -0.0184405   -0.0145725   -0.0109569   -0.0397374   -0.0344153   -0.0130704   

140000
-3   -2   -1   0   1   2   3   4   
-0.272852   -0.174113   -0.0446586   0.041942   0.128011   0.212852   0.487891   0.585682   
0.0235591   0.0158362   0.00949796   0.0098548   0.0104285   0.0112583   0.0156661   0.0231259   
-0.0254655   -0.0201112   -0.0226081   -0.0183257   -0.0144538   -0.0108406   -0.0399199   -0.0349268   

145000
-5   -3   -2   -1   0   1   2   3   4   
-0.440673   -0.273476   -0.174443   -0.0450798   0.0414563   0.12748   0.212288   0.48851   0.585889   
0.0520748   0.0234888   0.0157126   0.00936776   0.00972861   0.0103057   0.0111388   0.0155011   0.023096   
-0.0309778   -0.0253651   -0.0199142   -0.0225057   -0.0182136   -0.0143383   -0.010728   -0.0400275   -0.0349526   

150000
-5   -2   -1   0   1   2   3   4   
-0.440998   -0.175074   -0.0454955   0.0409788   0.12696   0.211735   0.488997   0.586453   
0.0519159   0.0155784   0.00924442   0.0096092   0.0101896   0.0110259   0.0153433   0.0228598   
-0.0307964   -0.0198154   -0.0224053   -0.0181042   -0.0142259   -0.0106188   -0.0401685   -0.0349205   

155000
-4   -2   0   1   2   3   4   
-0.353487   -0.175533   0.0405095   0.126451   0.211194   0.489295   0.586975   
0.0312699   0.0154151   0.00949602   0.0100796   0.0109192   0.0152076   0.0226957   
-0.0308652   -0.0196767   -0.0179974   -0.0141167   -0.0105129   -0.0403283   -0.0349262   

160000
-3   -2   -1   0   1   2   3   4   6   
-0.275005   -0.175558   -0.0463102   0.0400481   0.125951   0.210665   0.489418   0.587443   0.737735   
0.0233105   0.0152727   0.00901621   0.00938856   0.00997531   0.0108182   0.0151269   0.022562   0.0522365   
-0.0250153   -0.0194113   -0.0222106   -0.0178931   -0.0140104   -0.0104103   -0.0404282   -0.0349509   -0.0170989   

165000
-10   -9   -6   -4   -2   -1   0   1   3   4   8   13   
-0.542692   -0.528766   -0.495065   -0.354382   -0.176153   -0.0467089   0.0395944   0.125462   0.489961   0.587858   0.772445   0.787793   
0.121521   0.108198   0.0672259   0.0305767   0.0150685   0.00891039   0.00928638   0.00987622   0.0149902   0.0224429   0.0845516   0.168778   
-0.00388379   -0.00737697   -0.024867   -0.0305889   -0.0193267   -0.0221161   -0.0177912   -0.0139069   -0.0405301   -0.0349856   -0.0137245   -0.0555107   

170000
-3   -2   -1   0   1   2   3   5   
-0.275682   -0.17599   -0.0471025   0.0391485   0.124982   0.20964   0.490399   0.682581   
0.0232307   0.0149509   0.0088095   0.00918907   0.00978196   0.0106312   0.0148663   0.0381802   
-0.0247133   -0.01901   -0.0220234   -0.0176916   -0.0138061   -0.0102139   -0.0406412   -0.0241047   

175000
-5   -2   -1   0   1   3   4   8   12   
-0.420352   -0.176609   -0.0474904   0.0387103   0.124514   0.490772   0.588547   0.763714   0.770243   
0.0452023   0.0146681   0.00871324   0.00909628   0.00969223   0.0147486   0.0222117   0.084883   0.153315   
-0.0302923   -0.0189336   -0.0219325   -0.0175943   -0.0137082   -0.0407638   -0.035089   -0.0164511   -0.0472878   

180000
-6   -5   -2   -1   0   1   2   3   8   
-0.460065   -0.440978   -0.176554   -0.0478729   0.0382798   0.124054   0.216568   0.491005   0.76432   
0.061755   0.050909   0.0144935   0.00862127   0.00900768   0.00960667   0.0104808   0.0146532   0.0845686   
-0.0287888   -0.0303755   -0.0186491   -0.0218433   -0.0174992   -0.0136128   -0.0117136   -0.0408856   -0.0162987   

185000
-5   -2   -1   0   1   3   4   
-0.437596   -0.177006   -0.04825   0.037857   0.123602   0.490731   0.589041   
0.0502905   0.0143591   0.00853327   0.00892299   0.00952498   0.0146594   0.0219626   
-0.0312106   -0.0185253   -0.0217558   -0.0174062   -0.0135197   -0.040947   -0.0352294   

190000
-2   -1   0   1   3   4   
-0.177395   -0.0486218   0.0374415   0.123159   0.491048   0.589166   
0.0141499   0.008449   0.00884192   0.0094469   0.014579   0.0218115   
-0.0183776   -0.02167   -0.0173153   -0.0134288   -0.0410207   -0.0353285   

195000
-6   -2   -1   0   1   3   4   7   
-0.484998   -0.177571   -0.0489887   0.0370328   0.122725   0.491617   0.588146   0.733088   
0.0654923   0.0140005   0.00836819   0.00876425   0.00937212   0.0144505   0.0215944   0.0648062   
-0.0296031   -0.0181702   -0.0215856   -0.0172263   -0.0133404   -0.0411211   -0.0357818   -0.0125007   

200000
-8   -7   -2   -1   0   1   2   3   4   
-0.523961   -0.523297   -0.177687   -0.0493501   0.036631   0.122299   0.264369   0.492116   0.587806   
0.0951272   0.0817235   0.0141366   0.00829063   0.00868977   0.0093005   0.0102073   0.0143309   0.0219285   
-0.0133336   -0.0157841   -0.0179982   -0.0215029   -0.0171392   -0.0132541   -0.0215813   -0.0412287   -0.0359347   

205000
-5   -2   -1   0   1   3   
-0.433686   -0.178167   -0.0497065   0.0362358   0.121881   0.492545   
0.049705   0.0140282   0.00821612   0.00861828   0.00923183   0.0142128   
-0.0315282   -0.0179063   -0.0214217   -0.0170539   -0.0131698   -0.0413582   

210000
-4   -2   -1   0   1   2   3   
-0.369189   -0.178656   -0.0500579   0.0358473   0.121472   0.28771   0.492827   
0.0359671   0.0138941   0.00814447   0.00854959   0.0091659   0.00990858   0.0141074   
-0.0296366   -0.0178175   -0.0213419   -0.0169705   -0.0130876   -0.0262532   -0.0415102   

215000
-6   -2   -1   0   1   3   
-0.495832   -0.179115   -0.0504039   0.0354653   0.12107   0.492169   
0.0661524   0.0137857   0.00807552   0.00848353   0.00910257   0.0141924   
-0.02431   -0.0177262   -0.0212636   -0.0168888   -0.0130074   -0.0415324   

220000
-2   -1   0   1   2   3   4   
-0.179549   -0.0507454   0.0350898   0.120675   0.310421   0.492747   0.588834   
0.0136914   0.0080091   0.00841995   0.00904168   0.00951478   0.0140591   0.0215285   
-0.0176325   -0.0211867   -0.0168088   -0.012929   -0.0307098   -0.0416565   -0.0359242   

225000
-2   -1   0   1   2   3   4   
-0.179962   -0.0510819   0.0347206   0.120288   0.321724   0.493556   0.589182   
0.0136047   0.00794508   0.00835871   0.00898309   0.00930244   0.0138697   0.0214161   
-0.0175366   -0.0211111   -0.0167304   -0.0128525   -0.0329149   -0.0418441   -0.0359452   

230000
-6   -2   -1   0   1   2   3   10   
-0.484444   -0.180355   -0.0514138   0.0343577   0.119907   0.329987   0.49405   0.742633   
0.06511   0.0135217   0.00788332   0.00829967   0.00892668   0.00909604   0.0137254   0.118549   
-0.0286997   -0.0174381   -0.0210368   -0.0166537   -0.0127777   -0.034489   -0.0420393   -0.0350087   

235000
-2   -1   0   1   2   3   15   
-0.180728   -0.0517411   0.0340013   0.119534   0.338143   0.493788   0.835618   
0.0134402   0.00782369   0.00824274   0.0088723   0.00888962   0.0137227   0.198043   
-0.0173363   -0.0209638   -0.0165786   -0.0127047   -0.036041   -0.0421312   -0.0683047   

240000
-3   -2   -1   0   1   3   18   
-0.287902   -0.18108   -0.0520637   0.0336515   0.119168   0.492972   0.751553   
0.0246311   0.0133591   0.0077661   0.00818781   0.00881987   0.0138703   0.232067   
-0.02468   -0.0172305   -0.0208921   -0.0165051   -0.0126333   -0.0420548   -0.086128   

245000
-4   -2   -1   0   1   2   3   4   
-0.368931   -0.181407   -0.052382   0.0333073   0.118808   0.351041   0.494368   0.590376   
0.0349302   0.013279   0.00771041   0.00813476   0.00876927   0.00851714   0.0135722   0.0211086   
-0.0290037   -0.0171194   -0.0208216   -0.0164331   -0.0125636   -0.0384677   -0.0423255   -0.0360592   

250000
-2   -1   0   1   2   3   
-0.181725   -0.0526957   0.0329688   0.118455   0.357599   0.495036   
0.0132031   0.00765655   0.00808348   0.00872042   0.00833673   0.0134206   
-0.0170084   -0.0207523   -0.0163625   -0.0124955   -0.039717   -0.042496   

255000
-2   -1   0   1   2   3   13   
-0.182023   -0.0530051   0.0326358   0.118251   0.365185   0.495521   0.785122   
0.0131396   0.00760442   0.00803388   0.00867327   0.0081523   0.0133012   0.167038   
-0.0168958   -0.0206842   -0.0162933   -0.0124597   -0.0411922   -0.0426501   -0.0547624   

260000
-9   -2   -1   0   1   2   3   4   
-0.528332   -0.182288   -0.0533102   0.0323082   0.125597   0.367073   0.495901   0.591123   
0.106857   0.0131067   0.00755394   0.00798587   0.00863621   0.00801818   0.0132035   0.0209564   
-0.00661601   -0.0167837   -0.0206172   -0.0162255   -0.0140452   -0.0414829   -0.0427869   -0.0361562   

265000
-2   -1   0   3   4   13   
-0.182538   -0.0536112   0.0319859   0.496109   0.59135   0.78757   
0.0131248   0.007505   0.00793939   0.0131397   0.0209165   0.168515   
-0.0166815   -0.0205514   -0.0161589   -0.0428893   -0.0361895   -0.0526764   

270000
-5   -2   -1   0   2   3   4   
-0.434308   -0.182798   -0.103985   0.0316687   0.375582   0.496169   0.591566   
0.0488841   0.0131989   0.00835704   0.00789435   0.00772448   0.0131091   0.0208808   
-0.030329   -0.0165947   -0.010357   -0.0160937   -0.0430745   -0.0429505   -0.036223   

275000
-2   -1   0   3   4   
-0.18309   -0.103454   0.0313565   0.496073   0.591771   
0.0133158   0.00839078   0.00785069   0.0131115   0.0208503   
-0.016521   -0.0104613   -0.0160296   -0.0429744   -0.0362567   

280000
-5   -2   -1   0   1   2   3   4   
-0.442541   -0.183462   -0.103003   0.0310492   0.153494   0.382499   0.495818   0.591965   
0.0493309   0.0132753   0.00842366   0.00780834   0.00852967   0.00746049   0.0131496   0.0208247   
-0.0291487   -0.0164495   -0.0105403   -0.0159668   -0.0199681   -0.0443551   -0.0429592   -0.0362907   

285000
-2   -1   0   1   2   3   4   
-0.183854   -0.102638   0.0307469   0.159159   0.384539   0.495437   0.592146   
0.0131443   0.00845484   0.00776725   0.00846026   0.00734632   0.0132201   0.0208046   
-0.016375   -0.0105942   -0.0159052   -0.021155   -0.0447014   -0.0429104   -0.036325   

290000
-4   -2   -1   0   1   2   3   14   
-0.371126   -0.184233   -0.102347   0.0304493   0.165091   0.453813   0.49538   0.80662   
0.0345016   0.0130406   0.00848448   0.00772736   0.00840424   0.00650208   0.0132321   0.182041   
-0.0282352   -0.016301   -0.0106269   -0.0158448   -0.0223946   -0.0575875   -0.0429122   -0.0628656   

295000
-7   -4   -1   0   1   2   3   
-0.524794   -0.371319   -0.102128   0.0301565   0.171139   0.391102   0.495995   
0.0810588   0.0343795   0.00851211   0.00768861   0.00835441   0.0071074   0.0131069   
-0.0138953   -0.0281659   -0.0106401   -0.0157855   -0.0236576   -0.0459373   -0.0430362   

300000
-9   -2   -1   0   1   2   3   
-0.530015   -0.184957   -0.101958   0.0298682   0.177186   0.452565   0.496512   
0.107727   0.0128775   0.00853945   0.00765097   0.00830812   0.00657163   0.013003   
-0.0105679   -0.016155   -0.0106393   -0.0157273   -0.024921   -0.0571533   -0.0431435   

305000
-9   -4   -2   -1   0   2   3   
-0.529808   -0.37063   -0.185305   -0.10182   0.0295842   0.451752   0.496962   
0.107605   0.033934   0.0128093   0.00856826   0.00761438   0.00659445   0.0129132   
-0.0102416   -0.0279997   -0.0160829   -0.0106281   -0.0156702   -0.0569413   -0.0432395   

310000
-3   0   1   2   3   
-0.289614   0.0293047   0.185898   0.450923   0.497363   
0.0230591   0.00757878   0.00816542   0.0066143   0.0128335   
-0.0231811   -0.0156141   -0.0267208   -0.0567391   -0.0433274   

315000
-5   -2   0   1   2   3   17   
-0.431086   -0.185975   0.0290294   0.189786   0.45008   0.49773   0.890856   
0.0477127   0.012688   0.00754416   0.00809208   0.00663375   0.0127609   0.22511   
-0.0302293   -0.0159397   -0.015559   -0.0275195   -0.0565421   -0.0434096   -0.0828054   

320000
-8   -2   0   1   2   3   13   
-0.470446   -0.186299   0.0287583   0.193893   0.449228   0.498071   0.782611   
0.0902843   0.0126324   0.00751046   0.00802524   0.00665294   0.0126935   0.166839   
-0.0134848   -0.0158685   -0.0155049   -0.0283661   -0.0563503   -0.0434879   -0.0558748   

325000
-7   -4   -2   -1   0   2   3   5   
-0.525179   -0.364944   -0.186615   -0.101821   0.0284911   0.448365   0.498393   0.674591   
0.0802453   0.033697   0.0125789   0.00864125   0.00747764   0.00667309   0.0126302   0.0331682   
-0.0153413   -0.0271953   -0.0157973   -0.0104551   -0.0154518   -0.0561612   -0.0435632   -0.0274726   

330000
-10   -4   -2   -1   0   1   2   3   
-0.5417   -0.353346   -0.186925   -0.10169   0.0282281   0.202275   0.447419   0.498698   
0.119899   0.0270059   0.0125271   0.00869696   0.00744568   0.00789967   0.0066982   0.01257   
-0.00237807   -0.0271838   -0.015726   -0.0104242   -0.0153997   -0.0301002   -0.0559586   -0.0436365   

335000
-2   -1   0   2   3   
-0.187229   -0.101616   0.0279692   0.446437   0.498992   
0.0124761   0.00874895   0.00741453   0.00672623   0.0125121   
-0.0156546   -0.0103809   -0.0153485   -0.055753   -0.0437085   

340000
-4   -2   -1   0   1   2   3   
-0.372751   -0.187525   -0.101589   0.0313275   0.210953   0.445481   0.499277   
0.0339835   0.0124259   0.00879726   0.0073847   0.00777626   0.00675406   0.0124559   
-0.027525   -0.0155828   -0.0103284   -0.0160798   -0.0319018   -0.0555575   -0.0437799   

345000
-4   -2   -1   0   1   2   3   12   
-0.373096   -0.187814   -0.101251   0.0352829   0.21534   0.44455   0.499554   0.762756   
0.0339183   0.012376   0.00894583   0.00735745   0.00771496   0.00678203   0.0124011   0.150978   
-0.0274704   -0.0155106   -0.0103105   -0.0169381   -0.0328145   -0.0553716   -0.043851   -0.0490036   

350000
-2   -1   0   2   3   11   
-0.188097   -0.101302   0.0390935   0.443645   0.499826   0.747743   
0.0123261   0.00899447   0.00733242   0.00681043   0.0123473   0.134503   
-0.0154378   -0.0102471   -0.0177631   -0.055195   -0.0439222   -0.0418773   

355000
-2   -1   0   1   2   3   6   8   
-0.188373   -0.101412   0.0427984   0.219836   0.442766   0.500091   0.732487   0.756435   
0.0122761   0.00902955   0.00730923   0.00755856   0.00683945   0.0122945   0.0474752   0.0813292   
-0.0153642   -0.0101791   -0.0185635   -0.0337007   -0.0550272   -0.0439937   -0.0180249   -0.0132262   

360000
-2   -1   0   1   2   3   
-0.188641   -0.101562   0.046429   0.222698   0.441917   0.500352   
0.0122256   0.0090538   0.0072877   0.0074873   0.00686901   0.0122424   
-0.0152896   -0.010109   -0.0193463   -0.0342792   -0.0548689   -0.0440657   

365000
-7   -6   -3   -2   -1   0   2   3   
-0.519901   -0.483371   -0.282136   -0.188902   -0.101067   0.0500082   0.441105   0.500613   
0.0803724   0.0637649   0.0149588   0.0121749   0.00893532   0.00726759   0.00689879   0.0121906   
-0.017888   -0.0273472   -0.0227279   -0.0152137   -0.0102175   -0.0201169   -0.0547211   -0.0441381   

370000
-3   -2   -1   0   1   2   3   11   
-0.290869   -0.189153   -0.0984799   0.0535527   0.229073   0.440346   0.500874   0.748182   
0.0219343   0.0121242   0.00885327   0.00724869   0.00735127   0.00692774   0.0121393   0.134424   
-0.0220297   -0.0151364   -0.0108113   -0.0208791   -0.0355816   -0.0545868   -0.0442102   -0.0421481   

375000
-3   -2   -1   0   1   3   
-0.290756   -0.189403   -0.0960466   0.0570711   0.232418   0.501128   
0.0218248   0.0120743   0.0087693   0.00723092   0.00728447   0.0120892   
-0.0218849   -0.0150599   -0.0113728   -0.0216351   -0.0362683   -0.0442824   

380000
-7   -2   -1   0   1   2   3   
-0.522971   -0.189654   -0.0937117   0.0605666   0.235815   0.43897   0.501374   
0.0804924   0.0120263   0.00868803   0.00721423   0.00721828   0.00698335   0.0120404   
-0.0155117   -0.0149848   -0.0119107   -0.0223858   -0.0369673   -0.0543532   -0.0443543   

385000
-2   -1   0   1   2   3   
-0.189894   -0.059734   0.064039   0.239232   0.43835   0.501607   
0.0119811   0.00665922   0.00719858   0.00715275   0.00700998   0.0119937   
-0.014909   -0.0192498   -0.0231314   -0.037672   -0.0542526   -0.0444251   

390000
-7   -4   -2   -1   0   1   2   3   11   
-0.524906   -0.365244   -0.190125   -0.0892774   0.0673638   0.242632   0.437754   0.501822   0.748287   
0.0805502   0.0336401   0.0119414   0.00852836   0.00717851   0.00708803   0.00703689   0.01195   0.134267   
-0.0140622   -0.0260825   -0.0148334   -0.0129323   -0.0238447   -0.0383745   -0.0541585   -0.0444935   -0.0421287   

395000
-7   -5   -2   -1   0   1   3   
-0.525626   -0.443225   -0.190346   -0.0871322   0.0698739   0.245994   0.502013   
0.0805628   0.0476368   0.0119104   0.00845162   0.00712659   0.00702413   0.0119108   
-0.013674   -0.0285912   -0.0147595   -0.0134246   -0.0243774   -0.0390706   -0.0445575   

400000
-8   -7   -2   -1   0   2   3   7   
-0.521749   -0.526161   -0.190559   -0.085032   0.0724892   0.436696   0.502168   0.760072   
0.092986   0.0805662   0.0118913   0.00837464   0.00708127   0.00708626   0.0118779   0.0639608   
-0.00982171   -0.0134395   -0.0146892   -0.0139065   -0.0249325   -0.0539994   -0.0446145   -0.0135618   

405000
-2   -1   0   2   3   
-0.190769   -0.0829497   0.0751742   0.436217   0.502281   
0.0118863   0.00830041   0.00704017   0.00710949   0.0118529   
-0.0146242   -0.0143821   -0.0255024   -0.0539309   -0.0446619   

410000
-4   -3   -2   -1   0   1   2   3   
-0.373406   -0.292126   -0.190977   -0.0808866   0.0779082   0.253392   0.435767   0.502344   
0.0333818   0.0214391   0.0118963   0.00822783   0.00700193   0.00682909   0.00713182   0.0118376   
-0.0265579   -0.0214584   -0.0145655   -0.0148519   -0.0260828   -0.0405652   -0.0538687   -0.044697   

415000
-6   -2   -1   0   1   2   3   
-0.495316   -0.191186   -0.0788412   0.0806762   0.2549   0.435336   0.502351   
0.0645811   0.0119201   0.00815677   0.00696571   0.00676351   0.00715399   0.0118331   
-0.0237751   -0.0145128   -0.0153162   -0.0266704   -0.0408506   -0.053811   -0.044718   

420000
-1   0   1   3   
-0.0768014   0.083467   0.256981   0.502303   
0.00808883   0.00693094   0.00669876   0.0118398   
-0.0157769   -0.027263   -0.0412632   -0.0447246   

425000
-7   -5   -3   -2   -1   0   1   2   3   
-0.527497   -0.431506   -0.291895   -0.191619   -0.0747788   0.08629   0.259361   0.434571   0.502205   
0.0805075   0.0479415   0.0211277   0.0119997   0.00802262   0.00689718   0.00663424   0.00719376   0.0118571   
-0.0130161   -0.0286777   -0.0210833   -0.0144228   -0.0162325   -0.0278626   -0.041742   -0.0537146   -0.0447174   

430000
-7   -4   -2   -1   0   1   2   3   
-0.527681   -0.37619   -0.190403   -0.0731464   0.0891488   0.26193   0.434206   0.502059   
0.0804834   0.0333622   0.0120251   0.00795957   0.00686412   0.00656976   0.00721369   0.0118846   
-0.0129799   -0.0264939   -0.0146755   -0.0165868   -0.0284701   -0.0422629   -0.0536706   -0.0446977   

435000
-9   -2   -1   0   1   2   3   6   
-0.530144   -0.188009   -0.0716448   0.0920401   0.264629   0.433888   0.501876   0.721373   
0.105619   0.0120324   0.00789805   0.00683151   0.0065052   0.00723058   0.0119213   0.0469796   
-0.00624994   -0.0151699   -0.016908   -0.0290847   -0.0428128   -0.0536351   -0.0446672   -0.0188367   

440000
-6   -3   -1   0   1   2   3   5   15   
-0.500668   -0.291487   -0.0701019   0.0949589   0.267419   0.433565   0.501664   0.657912   0.707701   
0.0648196   0.0211203   0.00783991   0.00679915   0.00644052   0.00724863   0.011966   0.0248721   0.19477   
-0.0223512   -0.0206257   -0.0172382   -0.0297055   -0.0433834   -0.0535993   -0.044628   -0.0250952   -0.0664727   

445000
-1   0   1   2   3   
-0.068547   0.0978974   0.270267   0.433267   0.501428   
0.00778237   0.00676683   0.00637577   0.00726543   0.0120185   
-0.0175716   -0.0303308   -0.0439677   -0.053568   -0.0445815   

450000
-6   -2   -1   0   1   2   
-0.501259   -0.181514   -0.0669748   0.100846   0.273147   0.43298   
0.0648068   0.0119741   0.00772644   0.00673456   0.00631114   0.00728186   
-0.0222257   -0.0165148   -0.0179085   -0.0309586   -0.04456   -0.053539   

455000
-3   -2   -1   0   1   2   3   
-0.282107   -0.1798   -0.0653847   0.103796   0.276031   0.432685   0.501515   
0.0140465   0.0118399   0.00767235   0.0067024   0.00624696   0.00729959   0.0120151   
-0.0219981   -0.0168568   -0.0182489   -0.0315871   -0.0451541   -0.0535091   -0.0446038   

460000
-9   -7   -6   -2   -1   0   1   3   
-0.530715   -0.528472   -0.50167   -0.178054   -0.0637978   0.10674   0.278892   0.501993   
0.105361   0.0802696   0.0647709   0.0117295   0.00761794   0.00667026   0.0061835   0.0119246   
-0.0074088   -0.0129529   -0.0221482   -0.0172069   -0.0185889   -0.0322148   -0.0457448   -0.0447087   

465000
-2   -1   0   1   2   3   
-0.176306   -0.0621973   0.109668   0.281709   0.428198   0.502409   
0.0116323   0.00756528   0.00663807   0.00612098   0.00769565   0.0118475   
-0.0175588   -0.0189312   -0.0328395   -0.0463273   -0.0528926   -0.0448011   

470000
-8   -7   -1   0   1   2   3   
-0.523364   -0.528701   -0.0605899   0.111505   0.284462   0.431895   0.502784   
0.0923648   0.0801591   0.00751385   0.00659088   0.00605963   0.00734838   0.0117795   
-0.00994771   -0.0130129   -0.0192745   -0.0332206   -0.0468976   -0.0534367   -0.0448848   

475000
-1   0   1   2   3   17   
-0.0589897   0.113124   0.287151   0.431644   0.503126   0.741326   
0.0074623   0.00654186   0.00599942   0.00736461   0.0117182   0.219835   
-0.0196163   -0.0335532   -0.0474555   -0.0534151   -0.0449621   -0.0819703   

480000
-6   -5   -1   0   1   2   3   8   
-0.502207   -0.446573   -0.0573813   0.114962   0.287366   0.427476   0.503443   0.764573   
0.0646435   0.0481659   0.00741245   0.00649696   0.00594876   0.007752   0.0116621   0.0807898   
-0.0220825   -0.0275166   -0.0199593   -0.0339347   -0.0474616   -0.0528381   -0.0450342   -0.0155063   

485000
-6   -5   -4   -2   -1   0   1   2   3   17   
-0.471593   -0.426878   -0.374495   -0.169378   -0.0557839   0.116902   0.28797   0.427262   0.50374   0.741537   
0.0601325   0.042274   0.0319055   0.0113129   0.00736256   0.00645426   0.0058975   0.00776894   0.0116101   0.219843   
-0.0217548   -0.027069   -0.0256543   -0.0189593   -0.0202998   -0.0343397   -0.0475548   -0.0528238   -0.0451021   -0.0820466   

490000
-6   -5   -4   -2   -1   0   1   2   3   10   
-0.502366   -0.44792   -0.363773   -0.167666   -0.0541894   0.118911   0.289236   0.430865   0.50402   0.741616   
0.0645512   0.0482061   0.0252166   0.011244   0.00731359   0.00641344   0.00584449   0.00741884   0.0115616   0.115376   
-0.0220907   -0.0273752   -0.0257142   -0.0193066   -0.0206393   -0.0347606   -0.0477967   -0.0533475   -0.0451665   -0.0329719   

495000
-5   -2   -1   0   1   2   3   
-0.448365   -0.165961   -0.0525904   0.120955   0.290784   0.426873   0.504286   
0.0482083   0.0111781   0.00726638   0.00637404   0.00579107   0.00780005   0.0115158   
-0.0273202   -0.0196527   -0.0209794   -0.0351898   -0.0481021   -0.0528004   -0.0452281   

500000
-5   -4   -1   0   1   3   7   
-0.448688   -0.371563   -0.0510095   0.123011   0.292487   0.50454   0.765927   
0.0482069   0.0318497   0.00721851   0.00633573   0.00573759   0.0114726   0.0629053   
-0.0272782   -0.0251505   -0.0213155   -0.0356224   -0.0484429   -0.045287   -0.0136433   

505000
-5   -2   -1   0   1   2   3   
-0.448984   -0.162576   -0.0494227   0.125073   0.294283   0.430093   0.504783   
0.0481972   0.011054   0.00717252   0.00629826   0.00568431   0.00747686   0.0114314   
-0.0272351   -0.0203414   -0.0216524   -0.0360569   -0.0488053   -0.0532824   -0.0453438   

510000
-5   -3   -2   -1   0   1   2   3   
-0.449227   -0.281154   -0.160895   -0.0478451   0.127129   0.296137   0.426388   0.505017   
0.048184   0.0197777   0.0109953   0.00712703   0.00626152   0.00563129   0.00783867   0.011392   
-0.0271973   -0.0227762   -0.0206838   -0.0219871   -0.0364907   -0.0491814   -0.0527789   -0.0453987   

515000
-8   -2   -1   0   1   3   
-0.520204   -0.159223   -0.0462756   0.129168   0.298027   0.505243   
0.0932481   0.0109385   0.00708244   0.00622544   0.00557862   0.0113541   
-0.0122084   -0.0210249   -0.0223198   -0.0369214   -0.0495664   -0.0454521   

520000
-5   -2   -1   0   2   3   
-0.449621   -0.15756   -0.0453382   0.131181   0.429334   0.505462   
0.0481451   0.0108835   0.00705557   0.00619   0.00753753   0.0113174   
-0.0271307   -0.0213644   -0.0225037   -0.037347   -0.0532197   -0.0455042   

525000
-5   -2   -1   0   2   3   
-0.449771   -0.155906   -0.0443331   0.133161   0.426016   0.505676   
0.0481208   0.0108303   0.00702654   0.00615519   0.00786779   0.011282   
-0.0271032   -0.0217024   -0.0227037   -0.0377662   -0.0527722   -0.045555   

530000
-7   -5   -2   -1   0   1   2   3   5   
-0.520172   -0.449928   -0.154263   -0.0432494   0.135108   0.303764   0.42591   0.505884   0.669014   
0.0796578   0.04809   0.0107786   0.00699547   0.00612092   0.00542349   0.00787592   0.0112475   0.0316532   
-0.0172679   -0.027073   -0.0220385   -0.0229224   -0.0381786   -0.0507413   -0.0527724   -0.0456047   -0.0280257   

535000
-2   -1   0   1   2   3   6   10   
-0.152858   -0.0421111   0.137012   0.30566   0.425815   0.506088   0.732818   0.734316   
0.0107249   0.00696339   0.00608695   0.00537307   0.00788312   0.011214   0.0457924   0.116411   
-0.0223233   -0.0231541   -0.038582   -0.0511313   -0.0527739   -0.0456536   -0.018447   -0.0324573   

540000
-5   -2   -1   1   2   3   
-0.450159   -0.151791   -0.0409391   0.307534   0.425729   0.506287   
0.0480192   0.0106676   0.00693027   0.00532352   0.0078895   0.0111812   
-0.0270251   -0.0225346   -0.023394   -0.0515175   -0.0527766   -0.0457016   

545000
-2   -1   1   3   6   
-0.150686   -0.039745   0.309382   0.506483   0.732723   
0.0106124   0.00689625   0.00527496   0.0111491   0.0455759   
-0.0227545   -0.0236394   -0.0518992   -0.045749   -0.0185406   

550000
-2   -1   0   1   2   3   
-0.149556   -0.0385306   0.142536   0.311201   0.425596   0.506675   
0.0105589   0.0068619   0.00598796   0.00522755   0.00789857   0.0111176   
-0.02298   -0.0238898   -0.039754   -0.052276   -0.052787   -0.0457958   

555000
-2   -1   0   1   3   
-0.148409   -0.0372992   0.144332   0.310701   0.506864   
0.0105067   0.00682748   0.00595566   0.00519393   0.0110867   
-0.0232093   -0.0241443   -0.0401355   -0.0521322   -0.045842   

560000
-4   -2   -1   0   1   2   3   4   
-0.37782   -0.147251   -0.0360539   0.146105   0.31085   0.425489   0.507051   0.600094   
0.0328   0.0104557   0.00679312   0.0059237   0.00515741   0.00790528   0.0110563   0.0194498   
-0.0250811   -0.0234414   -0.0244022   -0.0405123   -0.052135   -0.0528006   -0.0458878   -0.0375679   

565000
-4   -2   -1   0   1   3   
-0.378972   -0.146084   -0.0347974   0.147853   0.311444   0.507235   
0.0328134   0.0104058   0.006759   0.00589207   0.00511917   0.0110262   
-0.0251341   -0.0236754   -0.0246629   -0.040884   -0.0522388   -0.0459333   

570000
-2   -1   0   1   2   3   
-0.144913   -0.0335399   0.149574   0.312263   0.42539   0.507417   
0.0103568   0.00672456   0.0058608   0.00508057   0.00791171   0.0109966   
-0.0239109   -0.024924   -0.0412499   -0.0523938   -0.0528145   -0.0459784   

575000
-7   -2   -1   0   1   2   3   
-0.520747   -0.143738   -0.032288   0.151265   0.313219   0.42535   0.507598   
0.0799959   0.0103087   0.00668977   0.00582988   0.00504222   0.00791395   0.0109672   
-0.0162776   -0.0241473   -0.0251843   -0.0416098   -0.0525809   -0.0528227   -0.0460233   

580000
-8   -2   -1   0   1   2   3   
-0.469268   -0.142561   -0.0310289   0.152929   0.314272   0.425304   0.507776   
0.0898951   0.0102613   0.00665545   0.00579932   0.00500441   0.00791712   0.0109382   
-0.0145751   -0.0243842   -0.0254463   -0.0419641   -0.0527912   -0.0528296   -0.0460679   

585000
-4   -2   -1   0   1   2   3   6   
-0.381033   -0.141385   -0.0297647   0.154579   0.3154   0.42527   0.507954   0.730946   
0.0328371   0.0102147   0.00662169   0.00576896   0.0049672   0.00791897   0.0109093   0.0444324   
-0.0251142   -0.0246215   -0.0257096   -0.0423155   -0.0530198   -0.0528382   -0.0461126   -0.0191301   

590000
-4   -3   -2   -1   0   1   2   3   4   
-0.381327   -0.257749   -0.140209   -0.028496   0.156214   0.316595   0.425234   0.50813   0.600405   
0.0328311   0.0185971   0.0101687   0.00658845   0.00573883   0.00493066   0.00792124   0.0108806   0.0190523   
-0.0250904   -0.0273645   -0.0248588   -0.0259741   -0.0426639   -0.0532645   -0.0528462   -0.0461571   -0.0378903   

595000
-2   -1   0   1   2   3   
-0.139036   -0.0272366   0.157834   0.317839   0.425205   0.508305   
0.0101234   0.00655474   0.00570892   0.00489482   0.00792277   0.0108522   
-0.0250959   -0.0262369   -0.043009   -0.053522   -0.0528552   -0.0462016   

600000
-5   -4   -2   -1   0   2   3   
-0.449661   -0.381074   -0.137865   -0.0259828   0.159436   0.425185   0.508479   
0.0471134   0.0327594   0.0100786   0.00652105   0.00567925   0.00792337   0.0108239   
-0.0269838   -0.0251877   -0.0253326   -0.0264987   -0.0433507   -0.0528653   -0.0462459   

605000
-4   -2   -1   0   1   2   3   
-0.379783   -0.136699   -0.0247265   0.161019   0.320479   0.425174   0.508651   
0.0326428   0.0100345   0.00648807   0.00564982   0.00482532   0.00792307   0.0107957   
-0.0254677   -0.0255687   -0.0267612   -0.0436886   -0.0540748   -0.0528766   -0.0462903   

610000
-7   -4   -2   -1   0   1   2   3   
-0.522823   -0.378508   -0.135537   -0.0234693   0.162583   0.32185   0.425168   0.508822   
0.0799611   0.0325261   0.00999103   0.00645576   0.00562064   0.00479166   0.00792232   0.0107677   
-0.0155069   -0.0257413   -0.025804   -0.0270241   -0.0440223   -0.0543648   -0.0528885   -0.0463347   

615000
-2   -1   0   1   2   3   
-0.13438   -0.0222125   0.164126   0.323251   0.425175   0.508993   
0.0099481   0.00642411   0.00559171   0.00475874   0.00792024   0.0107398   
-0.0260385   -0.0272871   -0.0443517   -0.0546628   -0.0529021   -0.0463791   

620000
-2   -1   0   1   3   
-0.133229   -0.0209615   0.164911   0.323985   0.509163   
0.00990573   0.00639281   0.00555978   0.00472953   0.0107122   
-0.0262719   -0.0275491   -0.0445083   -0.0548098   -0.0464236   

625000
-2   -1   0   1   2   3   11   14   
-0.132085   -0.0197267   0.165104   0.323816   0.425201   0.509331   0.746055   0.803376   
0.0098639   0.00636102   0.00552565   0.00470476   0.00791481   0.0106846   0.133398   0.18055   
-0.0265042   -0.0278078   -0.0445302   -0.0547514   -0.0529309   -0.0464681   -0.0415546   -0.0616897   

630000
-4   -2   -1   0   1   2   3   
-0.373551   -0.130947   -0.0184934   0.165762   0.324093   0.425229   0.5095   
0.0320573   0.00982261   0.00632996   0.00549413   0.00467859   0.00791061   0.0106571   
-0.0267764   -0.0267354   -0.0280664   -0.0446583   -0.0547951   -0.0529473   -0.0465128   

635000
-5   -4   -2   -1   0   1   2   3   11   
-0.446037   -0.372346   -0.129816   -0.0172624   0.166589   0.324637   0.425253   0.509668   0.746458   
0.046162   0.0319396   0.00978191   0.0062996   0.0054638   0.00465181   0.00790688   0.0106297   0.133376   
-0.0271624   -0.027022   -0.0269652   -0.0283248   -0.0448253   -0.0549005   -0.0529629   -0.0465577   -0.0416338   

640000
-8   -7   -4   -2   -1   0   1   2   3   5   
-0.522865   -0.481027   -0.371159   -0.128693   -0.0160346   0.167504   0.325373   0.42529   0.509836   0.676672   
0.0924178   0.0763752   0.031821   0.00974174   0.00626996   0.0054343   0.00462478   0.00790162   0.0106024   0.0300097   
-0.00928348   -0.0160279   -0.0272622   -0.0271938   -0.0285826   -0.0450128   -0.0550503   -0.0529805   -0.0466027   -0.0283821   

645000
-2   -1   0   1   2   3   
-0.127578   -0.0148143   0.16847   0.326261   0.425344   0.510005   
0.00970209   0.00624097   0.00540546   0.00459765   0.00789471   0.0105752   
-0.0274209   -0.028839   -0.0452124   -0.0552357   -0.0530005   -0.0466472   

650000
-3   -2   -1   0   1   2   3   8   
-0.229555   -0.126471   -0.0135999   0.169468   0.327254   0.425393   0.510173   0.756441   
0.0103832   0.00966295   0.00621255   0.00537719   0.00457056   0.00788829   0.010548   0.0803477   
-0.0316233   -0.0276465   -0.0290942   -0.0454197   -0.0554456   -0.0530197   -0.0466918   -0.0142281   

655000
-2   0   1   2   3   
-0.125372   0.170485   0.328317   0.425439   0.510342   
0.00962431   0.00534943   0.00454352   0.00788226   0.0105209   
-0.0278707   -0.0456317   -0.0556721   -0.0530383   -0.0467366   

660000
-3   -2   -1   0   1   2   3   
-0.242085   -0.124281   -0.0111939   0.171512   0.329427   0.425483   0.51051   
0.017271   0.00958618   0.00615642   0.00532211   0.00451655   0.00787653   0.0104939   
-0.0302131   -0.0280932   -0.0296005   -0.0458464   -0.0559095   -0.0530563   -0.0467815   

665000
-5   -4   -2   -1   0   1   2   3   
-0.438935   -0.365399   -0.123199   -0.0100016   0.172544   0.330576   0.425547   0.510678   
0.0477833   0.0312174   0.00954854   0.00612885   0.00529526   0.00448968   0.00786863   0.010467   
-0.0265399   -0.0283943   -0.0283141   -0.0298516   -0.0460626   -0.0561563   -0.0530774   -0.0468266   

670000
-7   -2   -1   0   1   2   3   
-0.529053   -0.122127   -0.00893224   0.173577   0.331788   0.425616   0.510845   
0.0800169   0.00951139   0.00610525   0.00526879   0.00446298   0.00786016   0.0104402   
-0.0125925   -0.0285335   -0.0300745   -0.0462795   -0.0564182   -0.0530993   -0.0468718   

675000
-8   -2   -1   0   1   2   3   
-0.524523   -0.121064   -0.00866095   0.174608   0.333034   0.425684   0.511011   
0.0923401   0.00947468   0.00610244   0.00524267   0.00443657   0.00785189   0.0104134   
-0.00897487   -0.0287515   -0.0301118   -0.0464964   -0.0566885   -0.0531208   -0.0469171   

680000
-2   -1   0   1   2   3   
-0.120009   -0.00806441   0.175634   0.334309   0.425749   0.511177   
0.00943845   0.00609141   0.00521694   0.00441047   0.00784398   0.0103868   
-0.0289677   -0.0302243   -0.0467124   -0.056966   -0.0531418   -0.0469624   

685000
-6   -5   -2   -1   0   2   3   
-0.494979   -0.422253   -0.118964   -0.00734054   0.176653   0.425809   0.511342   
0.0639913   0.0421887   0.00940269   0.00607779   0.00519157   0.00783669   0.0103604   
-0.0230918   -0.0259333   -0.0291822   -0.0303664   -0.0469273   -0.0531618   -0.0470078   

690000
-6   -5   -2   -1   1   2   3   4   7   
-0.495481   -0.440345   -0.117928   -0.00657852   0.335274   0.425867   0.511506   0.600295   0.756383   
0.0639755   0.0478378   0.0093674   0.00606075   0.004367   0.00782981   0.0103342   0.0187033   0.0627001   
-0.0230221   -0.0263535   -0.0293949   -0.030518   -0.0571596   -0.0531812   -0.047053   -0.0384341   -0.0133885   

695000
-2   -1   0   1   2   3   5   
-0.116901   -0.00576861   0.178663   0.335927   0.425923   0.511668   0.675501   
0.00933257   0.00604301   0.00514185   0.00434492   0.00782305   0.0103082   0.0289026   
-0.0296059   -0.0306808   -0.0473519   -0.0572957   -0.0532004   -0.0470982   -0.0293046   

700000
-6   -4   -2   -1   1   2   3   
-0.496725   -0.357712   -0.115883   -0.00492716   0.336704   0.426009   0.511828   
0.0639934   0.0303212   0.00929821   0.00602477   0.00432263   0.007813   0.0102826   
-0.0227821   -0.029805   -0.0298151   -0.0308511   -0.0574607   -0.0532242   -0.0471431   

705000
-4   -2   -1   0   1   2   3   
-0.356641   -0.114875   -0.00406368   0.180635   0.337577   0.426092   0.511987   
0.030186   0.00926431   0.00600629   0.00509344   0.00430028   0.00780319   0.0102573   
-0.0299905   -0.0300226   -0.0310268   -0.047769   -0.0576483   -0.0532476   -0.0471877   

710000
-6   -2   -1   0   1   2   3   
-0.466381   -0.113875   -0.00318455   0.181609   0.338533   0.426172   0.512142   
0.0594633   0.00923086   0.00598763   0.00506964   0.00427793   0.00779384   0.0102325   
-0.0227385   -0.0302283   -0.0312063   -0.0479755   -0.0578552   -0.0532704   -0.0472318   

715000
-4   -2   -1   0   1   2   3   
-0.354514   -0.112885   -0.00229414   0.182576   0.33956   0.426249   0.512295   
0.0299136   0.00919786   0.00596886   0.00504611   0.00425559   0.00778492   0.0102082   
-0.0303503   -0.0304321   -0.0313887   -0.0481804   -0.0580789   -0.0532924   -0.0472753   

720000
-4   -2   -1   0   1   2   3   5   
-0.353456   -0.111905   -0.00139544   0.183534   0.340658   0.426322   0.512443   0.673613   
0.0297739   0.00916531   0.00595006   0.00502284   0.00423325   0.00777648   0.0101846   0.0287595   
-0.030524   -0.0306342   -0.0315732   -0.0483837   -0.0583192   -0.0533138   -0.0473179   -0.0295921   

725000
-2   -1   0   1   2   3   
-0.110965   -0.000490391   0.184483   0.341827   0.42639   0.512588   
0.00913313   0.00593136   0.00499982   0.00421086   0.00776863   0.0101617   
-0.0308273   -0.0317594   -0.0485852   -0.058576   -0.0533343   -0.0473596   

730000
-2   -1   0   1   2   3   11   
-0.110824   0.000406445   0.185423   0.343067   0.426452   0.512728   0.68487   
0.00910004   0.0059118   0.00497708   0.0041884   0.0077615   0.0101396   0.136536   
-0.0308409   -0.0319442   -0.0487847   -0.0588493   -0.0533536   -0.0474001   -0.0392031   

735000
-2   -1   1   2   3   6   
-0.110468   0.00130568   0.344377   0.426511   0.512862   0.720187   
0.0090676   0.00589236   0.00416596   0.00775483   0.0101186   0.0458459   
-0.030903   -0.0321297   -0.059139   -0.0533723   -0.0474392   -0.0188134   

740000
-9   -4   -2   -1   0   1   2   3   6   
-0.532901   -0.349265   -0.110012   0.00220583   0.18727   0.345759   0.42658   0.51299   0.72054   
0.105077   0.0292007   0.00903567   0.00587303   0.00493236   0.00414345   0.00774704   0.0100986   0.0458127   
-0.00530079   -0.0311783   -0.0309876   -0.0323158   -0.0491775   -0.0594454   -0.0533924   -0.0474765   -0.0188036   

745000
-4   -2   -1   0   1   2   3   14   
-0.348224   -0.109506   0.00310575   0.188178   0.346839   0.426669   0.51311   0.799729   
0.0290547   0.00900413   0.00585386   0.0049104   0.00412274   0.00773689   0.0100799   0.181099   
-0.0313318   -0.0310837   -0.032502   -0.0493707   -0.0596829   -0.053416   -0.047512   -0.0602962   

750000
-6   -2   -1   0   1   2   3   8   
-0.471003   -0.108962   0.00400432   0.189075   0.347632   0.426754   0.513223   0.712316   
0.0594859   0.00897296   0.00583486   0.00488869   0.00410372   0.0077273   0.0100626   0.0787356   
-0.0217443   -0.0311883   -0.0326881   -0.0495616   -0.0598548   -0.0534387   -0.0475454   -0.0132408   

755000
-2   -1   0   1   3   4   
-0.108389   0.00489831   0.18996   0.348564   0.513327   0.602117   
0.00894217   0.00581598   0.00486724   0.00408429   0.0100468   0.0180723   
-0.0312997   -0.0328732   -0.0497503   -0.0600588   -0.0475764   -0.0388154   

760000
-5   -2   -1   0   1   2   3   
-0.426695   -0.107794   0.00579429   0.190836   0.349621   0.427668   0.513422   
0.0423016   0.00891175   0.00579709   0.00484603   0.00406451   0.0076282   0.0100326   
-0.0253423   -0.0314162   -0.033059   -0.0499369   -0.0602915   -0.0535856   -0.0476047   

765000
-5   -2   -1   0   1   2   3   5   
-0.445179   -0.107183   0.00669126   0.191704   0.350792   0.427765   0.513506   0.648027   
0.0478591   0.00888169   0.00577825   0.00482502   0.00404448   0.00761767   0.0100203   0.0241285   
-0.0258503   -0.0315365   -0.0332451   -0.0501219   -0.0605504   -0.0536089   -0.0476303   -0.0264575   

770000
-5   -4   -2   -1   0   1   2   3   6   
-0.445564   -0.343084   -0.10656   0.00758897   0.192564   0.352069   0.427037   0.51358   0.723817   
0.0478482   0.0283313   0.00885198   0.00575944   0.0048042   0.00402423   0.00769579   0.0100096   0.0454786   
-0.0258232   -0.0320378   -0.0316596   -0.0334316   -0.0503055   -0.0608339   -0.0535193   -0.047653   -0.018761   

775000
-5   -2   -1   0   1   2   3   
-0.427707   -0.105928   0.00848687   0.193417   0.35345   0.427927   0.513644   
0.0422919   0.00882262   0.00574073   0.00478358   0.00400377   0.00759992   0.0100007   
-0.0252404   -0.0317849   -0.0336182   -0.0504875   -0.0611413   -0.0536514   -0.047673   

780000
-2   -1   0   1   2   3   5   7   
-0.10529   0.00938418   0.194264   0.354932   0.42714   0.513699   0.648193   0.76576   
0.00879362   0.00572213   0.00476312   0.00398316   0.00768486   0.00999355   0.0240808   0.0626153   
-0.0319119   -0.0338049   -0.0506682   -0.0614719   -0.0535521   -0.0476901   -0.0264284   -0.01344   

785000
-4   -2   -1   0   1   2   3   11   
-0.340038   -0.104647   0.0102804   0.195104   0.356513   0.427204   0.513743   0.74821   
0.0279299   0.00876496   0.00570364   0.00474284   0.00396242   0.00767812   0.00998818   0.132856   
-0.0324142   -0.0320401   -0.0339914   -0.0508477   -0.0618252   -0.0535701   -0.0477044   -0.0416323   

790000
-4   -2   -1   0   1   2   3   
-0.339019   -0.104   0.0111751   0.195938   0.35789   0.428143   0.513777   
0.0278021   0.00873665   0.00568528   0.00472272   0.00394305   0.00757647   0.00998455   
-0.0325305   -0.0321693   -0.0341778   -0.0510259   -0.0621322   -0.053711   -0.0477158   

795000
-2   -1   1   2   
-0.103352   0.0120679   0.358863   0.427368   
0.00870868   0.00566708   0.00392597   0.00766035   
-0.0322992   -0.0343639   -0.0623469   -0.0536125   

800000
-2   -1   0   1   2   3   
-0.102702   0.0129568   0.197586   0.359971   0.428318   0.513814   
0.00868106   0.00564893   0.00468302   0.00390852   0.00755751   0.00998252   
-0.0324295   -0.0345493   -0.0513783   -0.0625926   -0.0537556   -0.0477302   

805000
-7   -2   -1   0   1   2   3   7   
-0.534327   -0.102052   0.0138371   0.1984   0.361199   0.428405   0.513818   0.766256   
0.0797951   0.00865379   0.00563049   0.00466343   0.00389085   0.00754805   0.00998405   0.0625556   
-0.0115312   -0.0325601   -0.0347331   -0.0515524   -0.0628658   -0.0537779   -0.0477334   -0.0134243   

810000
-10   -2   -1   0   1   2   3   
-0.541777   -0.101403   0.0147126   0.199206   0.362536   0.42849   0.513813   
0.119298   0.00862686   0.00561225   0.00464401   0.00387301   0.00753888   0.00998728   
-0.0027345   -0.0326908   -0.0349159   -0.0517249   -0.0631637   -0.0537998   -0.0477339   

815000
-7   -2   -1   0   1   2   3   
-0.534507   -0.100754   0.0155839   0.200005   0.363971   0.427497   0.513798   
0.079749   0.00860028   0.0055942   0.00462477   0.00385513   0.00764962   0.00999213   
-0.0115277   -0.0328214   -0.035098   -0.0518959   -0.0634839   -0.0536575   -0.0477319   

820000
-2   -1   0   1   3   
-0.100107   0.016451   0.200797   0.365491   0.513774   
0.00857404   0.00557635   0.0046057   0.0038373   0.0099986   
-0.032952   -0.0352792   -0.0520654   -0.0638236   -0.0477273   

825000
-2   -1   0   1   2   
-0.0994622   0.0173137   0.201581   0.36667   0.428734   
0.00854814   0.0055587   0.00458681   0.00382143   0.00751267   
-0.0330823   -0.0354596   -0.0522334   -0.0640858   -0.0538636   

830000
-4   -2   -1   0   1   2   3   6   
-0.32937   -0.0988195   0.0181717   0.202357   0.367633   0.428812   0.513701   0.707744   
0.0293162   0.00852259   0.00554129   0.00456808   0.00380685   0.00750434   0.0100161   0.0397636   
-0.0330995   -0.0332123   -0.0356392   -0.0523997   -0.0642987   -0.0538843   -0.0477112   -0.0168838   

835000
-2   -1   0   1   2   
-0.0981794   0.0190248   0.203125   0.368688   0.428888   
0.00849738   0.00552416   0.00454954   0.00379221   0.00749625   
-0.033342   -0.0358177   -0.0525645   -0.0645324   -0.0539046   

840000
-5   -2   -1   0   1   2   3   
-0.454143   -0.0975425   0.0198725   0.203887   0.369821   0.428962   0.513598   
0.0477272   0.00847253   0.0055073   0.00453116   0.00377765   0.00748841   0.0100394   
-0.0253714   -0.0334711   -0.0359951   -0.0527278   -0.064784   -0.0539245   -0.0476867   

845000
-3   -2   -1   0   1   2   3   
-0.212208   -0.0969085   0.0207145   0.20464   0.371018   0.429033   0.513534   
0.0153608   0.00844801   0.00549072   0.00451294   0.00376332   0.00748093   0.0100532   
-0.0354338   -0.0335998   -0.0361715   -0.0528895   -0.0650496   -0.0539439   -0.0476712   

850000
-5   -4   -2   -1   0   1   2   3   6   
-0.455153   -0.326649   -0.0962776   0.0215509   0.205387   0.372262   0.429103   0.513463   0.732474   
0.0477517   0.0291025   0.0084239   0.00547444   0.00449489   0.00374931   0.00747371   0.0100684   0.0450427   
-0.0252995   -0.0337434   -0.033728   -0.0363467   -0.0530497   -0.0653257   -0.0539629   -0.0476538   -0.018501   

855000
-2   -1   0   1   2   3   
-0.0956502   0.0223815   0.206126   0.373129   0.42917   0.513385   
0.00840015   0.00545848   0.00447701   0.00373706   0.00746668   0.0100851   
-0.0338557   -0.0365207   -0.0532084   -0.0655166   -0.0539815   -0.0476343   

860000
-2   -1   0   1   2   3   6   
-0.0950266   0.023207   0.206861   0.373893   0.425971   0.5133   0.732743   
0.00837675   0.00544286   0.00445925   0.00372553   0.00787657   0.0101033   0.0450209   
-0.0339827   -0.0366936   -0.0533662   -0.0656842   -0.0532863   -0.047613   -0.0184926   

865000
-3   -2   -1   0   1   3   6   
-0.209961   -0.0944069   0.0240275   0.207591   0.374715   0.513208   0.73286   
0.0150418   0.0083537   0.00542759   0.00444161   0.0037142   0.0101228   0.0450086   
-0.0359538   -0.034109   -0.0368655   -0.053523   -0.0658645   -0.0475899   -0.0184897   

870000
-6   -5   -2   -1   0   1   3   14   
-0.508875   -0.456557   -0.0937912   0.024841   0.208316   0.37558   0.51311   0.798916   
0.0640037   0.0477831   0.00833099   0.0054125   0.00442409   0.00370319   0.0101437   0.180693   
-0.0205909   -0.0251838   -0.0342347   -0.037036   -0.0536789   -0.0660545   -0.0475651   -0.0606937   

875000
-4   -3   -2   -1   0   1   3   
-0.303996   -0.208766   -0.0931798   0.025639   0.209037   0.376479   0.513006   
0.0209123   0.0149235   0.00830862   0.00539684   0.0044067   0.00369263   0.0101659   
-0.0363349   -0.0362048   -0.0343596   -0.0372035   -0.0538339   -0.0662516   -0.0475387   

880000
-2   -1   0   1   6   
-0.0925727   0.0264309   0.209752   0.377303   0.733147   
0.00828661   0.00538147   0.00438944   0.00368274   0.0449723   
-0.0344837   -0.0373697   -0.0539878   -0.0664318   -0.0184847   

885000
-4   -2   -1   0   1   
-0.302794   -0.09197   0.0272168   0.210463   0.377801   
0.0208023   0.00826493   0.00536643   0.0043723   0.00367375   
-0.036616   -0.034607   -0.0375346   -0.0541406   -0.0665389   

890000
-2   -1   0   1   4   8   
-0.0913719   0.0279962   0.211168   0.378363   0.602766   0.767251   
0.00824358   0.00535169   0.00435531   0.00366514   0.0171059   0.0799364   
-0.0347295   -0.0376981   -0.0542923   -0.0666599   -0.0399609   -0.0153835   

895000
-1   0   1   2   3   
0.0287691   0.211868   0.378988   0.426665   0.512538   
0.00533728   0.00433845   0.00365699   0.00780092   0.0102682   
-0.0378603   -0.054443   -0.0667942   -0.0534506   -0.0474182   

900000
-6   -5   -4   -1   0   1   
-0.509242   -0.455395   -0.320288   0.0295356   0.212563   0.379673   
0.0638374   0.0475651   0.0285879   0.0053232   0.00432172   0.00364951   
-0.0205857   -0.0256879   -0.0352631   -0.0380212   -0.0545925   -0.0669413   

905000
-1   0   1   3   
0.0302958   0.213251   0.380262   0.512479   
0.00530951   0.00430512   0.00364261   0.0102892   
-0.0381807   -0.0547408   -0.0670665   -0.0474008   

910000
-1   0   1   3   
0.03105   0.213934   0.380537   0.512859   
0.00529625   0.00428866   0.00363565   0.0102234   
-0.0383389   -0.054888   -0.0671228   -0.0474952   

915000
-1   0   1   3   
0.0317979   0.214611   0.38084   0.513185   
0.0052834   0.00427234   0.00362913   0.0101682   
-0.0384958   -0.0550338   -0.0671847   -0.0475764   

920000
-1   0   1   3   
0.0325396   0.215282   0.381166   0.513478   
0.00527099   0.00425616   0.00362316   0.0101195   
-0.0386513   -0.0551785   -0.067251   -0.0476495   

925000
-2   -1   0   1   3   
-0.0873131   0.033266   0.215947   0.381511   0.513748   
0.00810241   0.00525815   0.00424012   0.00361784   0.0100754   
-0.035564   -0.0388037   -0.0553218   -0.0673209   -0.0477168   

930000
-2   -1   0   1   3   
-0.0867524   0.0339807   0.216606   0.381875   0.514   
0.0080833   0.00524523   0.0042242   0.00361331   0.0100348   
-0.0356797   -0.0389537   -0.0554641   -0.0673943   -0.0477797   

935000
-2   -1   0   1   3   8   
-0.0861953   0.0346886   0.21726   0.382255   0.514238   0.768617   
0.00806443   0.00523266   0.00420841   0.00360971   0.00999694   0.0794348   
-0.0357947   -0.0391023   -0.0556052   -0.0674704   -0.0478391   -0.0152202   

940000
-2   0   1   3   
-0.0856416   0.217909   0.382646   0.514464   
0.00804581   0.00419275   0.00360716   0.00996135   
-0.0359092   -0.0557453   -0.0675483   -0.0478956   

945000
-2   -1   0   1   2   3   
-0.0850914   0.0360847   0.218552   0.382978   0.430476   0.51468   
0.00802743   0.00520856   0.00417721   0.0036049   0.00733384   0.00992767   
-0.036023   -0.0393953   -0.0558842   -0.0676135   -0.0543241   -0.0479496   

950000
-2   -1   0   1   3   14   
-0.0845448   0.0367738   0.21919   0.383061   0.514887   0.799501   
0.0080093   0.00519714   0.00416179   0.00360003   0.00989563   0.180397   
-0.0361362   -0.0395398   -0.056022   -0.0676265   -0.0480015   -0.0611502   

955000
-4   -2   -1   0   1   3   
-0.313935   -0.0840016   0.0374569   0.219823   0.383159   0.515087   
0.0280493   0.00799139   0.00518613   0.00414651   0.00359582   0.00986504   
-0.0367985   -0.0362488   -0.0396829   -0.0561587   -0.0676422   -0.0480515   

960000
-3   -2   -1   0   1   3   
-0.198957   -0.0834621   0.038134   0.22045   0.383267   0.51528   
0.0140533   0.00797373   0.00517557   0.00413134   0.00359236   0.00983572   
-0.0380508   -0.0363608   -0.0398247   -0.0562943   -0.0676592   -0.0480998   

965000
-4   -2   -1   0   1   2   3   
-0.31282   -0.0829262   0.0388056   0.221072   0.383381   0.427937   0.515467   
0.0279595   0.00795621   0.00516556   0.0041163   0.00358976   0.00766771   0.00980755   
-0.037059   -0.0364721   -0.0399653   -0.0564288   -0.0676768   -0.0537482   -0.0481466   

970000
-4   -2   -1   0   1   2   3   8   
-0.312023   -0.0823939   0.0394588   0.22169   0.383499   0.428023   0.515648   0.71735   
0.0279416   0.00793894   0.00515476   0.00410137   0.00358816   0.00765889   0.0097804   0.0776818   
-0.0371394   -0.0365827   -0.0401022   -0.0565624   -0.0676945   -0.0537684   -0.048192   -0.0129063   

975000
-2   -1   1   2   3   
-0.0818652   0.0401016   0.383617   0.428109   0.515825   
0.00792186   0.00514402   0.00358765   0.00765014   0.00975419   
-0.0366927   -0.0402369   -0.0677113   -0.0537885   -0.0482361   

980000
-4   -2   -1   0   2   3   
-0.310972   -0.0813402   0.0407376   0.222912   0.428194   0.515997   
0.0278479   0.00790499   0.00513361   0.00407182   0.00764145   0.00972884   
-0.0373996   -0.036802   -0.0403702   -0.056827   -0.0538085   -0.0482791   

985000
-4   -2   -1   0   1   2   3   
-0.310454   -0.0808189   0.0413673   0.223514   0.383755   0.428279   0.516164   
0.0278011   0.0078883   0.00512356   0.00405722   0.00358534   0.00763282   0.00970427   
-0.0375284   -0.0369106   -0.0405021   -0.0569571   -0.067726   -0.0538285   -0.0483211   

990000
-2   -1   0   1   2   3   6   
-0.0803012   0.0419911   0.224116   0.38376   0.428363   0.516328   0.710637   
0.00787186   0.00511388   0.00404269   0.0035825   0.00762424   0.00968042   0.0391993   
-0.0370186   -0.0406326   -0.0570876   -0.0677209   -0.0538484   -0.048362   -0.0168312   

995000
-2   -1   0   1   2   3   
-0.0797873   0.0426088   0.224716   0.38376   0.428447   0.516488   
0.00785559   0.00510456   0.00402825   0.00358053   0.00761572   0.00965724   
-0.0371258   -0.0407619   -0.0572176   -0.0677139   -0.0538681   -0.048402   

1000000
-5   -2   -1   0   1   2   3   10   
-0.443531   -0.0792772   0.0432212   0.225314   0.383753   0.42853   0.516644   0.73564   
0.04619   0.00783951   0.00509565   0.00401389   0.00357956   0.00760728   0.00963469   0.115146   
-0.0287813   -0.0372324   -0.0408899   -0.057347   -0.0677044   -0.0538878   -0.0484412   -0.0336632   

1005000
-2   -1   0   1   2   3   
-0.0787708   0.043829   0.225909   0.383733   0.428613   0.516797   
0.00782359   0.00508725   0.00399962   0.00357964   0.00759887   0.00961272   
-0.0373382   -0.0410167   -0.057476   -0.0676914   -0.0539074   -0.0484796   

1010000
-4   -1   0   1   2   3   
-0.30795   0.0444232   0.226501   0.383701   0.428696   0.516948   
0.0275642   0.00507835   0.00398544   0.00358084   0.00759052   0.0095913   
-0.0381597   -0.041141   -0.0576045   -0.0676748   -0.053927   -0.0485172   

1015000
-2   -1   0   1   2   3   13   
-0.0777692   0.0450045   0.227091   0.383658   0.428778   0.517095   0.776173   
0.00779231   0.00506902   0.00397135   0.00358313   0.00758225   0.00957039   0.165125   
-0.0375478   -0.0412627   -0.0577326   -0.0676552   -0.0539464   -0.0485541   -0.0542629   

1020000
-4   -2   -1   0   1   2   3   
-0.307221   -0.0772739   0.0455801   0.22768   0.383611   0.42886   0.51724   
0.0274791   0.00777692   0.00506003   0.00395734   0.00358077   0.00757403   0.00954996   
-0.0383554   -0.0376515   -0.0413831   -0.0578603   -0.0676394   -0.0539658   -0.0485903   

1025000
-4   -2   -1   0   1   2   3   
-0.306975   -0.0767823   0.0461504   0.228266   0.383551   0.428941   0.517382   
0.0274412   0.00776169   0.00505146   0.00394343   0.00357943   0.00756587   0.00952999   
-0.038428   -0.0377545   -0.0415023   -0.0579876   -0.0676198   -0.0539851   -0.0486258   

1030000
-4   -2   -1   0   1   2   3   11   
-0.306716   -0.0762944   0.0467152   0.228851   0.383474   0.429022   0.517522   0.742796   
0.0274022   0.00774662   0.00504325   0.00392961   0.00357917   0.00755778   0.00951041   0.13282   
-0.0385042   -0.0378569   -0.0416203   -0.0581146   -0.0675956   -0.0540042   -0.0486609   -0.040714   

1035000
-1   0   1   2   3   7   11   
0.0472747   0.229434   0.383376   0.429103   0.51766   0.768354   0.74283   
0.00503544   0.00391588   0.00358006   0.00754974   0.00949126   0.0602997   0.132821   
-0.041737   -0.0582413   -0.0675658   -0.0540233   -0.0486953   -0.0134593   -0.0407316   

1040000
-2   -1   0   1   2   3   
-0.0753291   0.0478298   0.230014   0.383256   0.429183   0.517795   
0.0077169   0.00502815   0.00390226   0.00358213   0.00754179   0.0094725   
-0.0380595   -0.0418527   -0.0583676   -0.0675304   -0.0540422   -0.0487292   

1045000
-2   -1   0   1   2   3   5   
-0.0748513   0.0483806   0.230594   0.383116   0.429262   0.517929   0.678942   
0.00770226   0.00502138   0.00388874   0.00358543   0.00753395   0.00945409   0.029283   
-0.0381598   -0.0419672   -0.0584936   -0.0674897   -0.054061   -0.0487625   -0.0288759   

1050000
-5   -2   -1   1   2   3   
-0.437972   -0.0743767   0.0489138   0.383012   0.42934   0.51806   
0.0454685   0.00768774   0.00501357   0.00358575   0.00752619   0.00943603   
-0.0301529   -0.0382596   -0.0420785   -0.0674601   -0.0540796   -0.0487954   

1055000
-2   -1   0   1   2   3   
-0.0739051   0.0494386   0.229508   0.382906   0.429418   0.51819   
0.00767335   0.00500576   0.00386364   0.00358572   0.00751849   0.0094183   
-0.0383588   -0.0421881   -0.0582225   -0.0674305   -0.0540981   -0.0488278   

1060000
-3   -2   -1   0   1   2   3   6   
-0.188945   -0.0734367   0.0499582   0.229498   0.382773   0.429496   0.518318   0.734593   
0.0131488   0.00765908   0.00499835   0.00385086   0.00358689   0.00751085   0.00940089   0.0443139   
-0.0397678   -0.0384574   -0.0422965   -0.0582114   -0.067394   -0.0541165   -0.0488597   -0.0186745   

1065000
-4   -2   -1   0   1   2   3   
-0.304797   -0.0729713   0.0504727   0.229619   0.382611   0.429573   0.518444   
0.027091   0.00764494   0.00499132   0.00383809   0.00358933   0.00750328   0.00938377   
-0.039089   -0.0385554   -0.0424037   -0.0582308   -0.0673502   -0.0541348   -0.0488913   

1070000
-2   0   1   2   3   6   
-0.072509   0.22981   0.382419   0.42965   0.518569   0.734662   
0.00763092   0.00382537   0.00359304   0.00749582   0.00936694   0.0442389   
-0.0386527   -0.0582664   -0.067299   -0.0541529   -0.0489224   -0.0187098   

1075000
-2   -1   0   1   2   3   
-0.0720496   0.0514879   0.230045   0.382203   0.429725   0.518692   
0.00761702   0.00497863   0.00381271   0.00359783   0.00748848   0.00935039   
-0.0387495   -0.0426147   -0.0583126   -0.0672422   -0.0541707   -0.0489531   

1080000
-2   -1   0   1   2   3   
-0.0715933   0.0519896   0.230311   0.382069   0.4298   0.518813   
0.00760323   0.00497308   0.00380013   0.00359865   0.00748121   0.00933411   
-0.0388458   -0.0427187   -0.0583661   -0.0672069   -0.0541884   -0.0489834   

1085000
-2   -1   0   1   2   3   
-0.07114   0.0524787   0.2306   0.381902   0.429875   0.518933   
0.00758955   0.00496697   0.00378764   0.00360081   0.00747401   0.00931808   
-0.0389414   -0.0428202   -0.0584251   -0.0671634   -0.054206   -0.0490133   

1090000
-2   -1   0   1   2   3   
-0.0706897   0.0529559   0.230908   0.3817   0.42995   0.519052   
0.00757598   0.00496035   0.00377522   0.00360431   0.00746687   0.00930229   
-0.0390365   -0.0429195   -0.0584883   -0.0671114   -0.0542235   -0.0490429   

1095000
-2   -1   0   1   2   3   
-0.0702423   0.0534292   0.23123   0.381462   0.430024   0.519169   
0.00756251   0.00495411   0.00376294   0.00360916   0.00745979   0.00928673   
-0.0391309   -0.0430179   -0.0585551   -0.0670507   -0.0542408   -0.0490722   

1100000
-4   -2   -1   0   1   2   3   
-0.286311   -0.0697979   0.0539002   0.231564   0.381191   0.430097   0.519285   
0.0189453   0.00754916   0.00494818   0.00375073   0.00361538   0.00745278   0.00927139   
-0.0408406   -0.0392248   -0.0431157   -0.0586247   -0.0669819   -0.054258   -0.0491012   

1105000
-2   -1   0   1   2   3   
-0.0693564   0.0543703   0.231908   0.381005   0.43017   0.5194   
0.0075359   0.0049426   0.00373862   0.00361817   0.00744584   0.00925626   
-0.0393181   -0.0432132   -0.0586968   -0.0669351   -0.0542751   -0.0491298   

1110000
-2   -1   0   1   2   3   8   
-0.0689179   0.0548402   0.232261   0.380795   0.430243   0.519513   0.752564   
0.00752277   0.00493745   0.00372662   0.00362189   0.00743897   0.00924134   0.0795264   
-0.0394109   -0.0433104   -0.058771   -0.0668824   -0.054292   -0.0491581   -0.0140896   

1115000
-2   -1   0   1   2   3   
-0.0684822   0.0553098   0.232622   0.380544   0.430315   0.519626   
0.00750971   0.00493274   0.00371469   0.00362708   0.00743216   0.00922661   
-0.039503   -0.0434075   -0.0588471   -0.0668201   -0.0543088   -0.0491862   

1120000
-2   -1   0   1   2   3   8   
-0.0680495   0.0557694   0.232989   0.380253   0.430387   0.519737   0.752687   
0.00749673   0.00492723   0.00370286   0.00363374   0.00742545   0.00921207   0.0795342   
-0.0395946   -0.0435028   -0.0589249   -0.0667481   -0.0543254   -0.049214   -0.0141141   

1125000
-10   -2   -1   0   1   2   3   11   
-0.547777   -0.0676196   0.0562217   0.233363   0.37996   0.430458   0.519848   0.743594   
0.118465   0.00748389   0.00492125   0.00369112   0.00364058   0.00741881   0.00919772   0.132798   
-0.000752147   -0.0396857   -0.0435968   -0.0590043   -0.066676   -0.0543418   -0.0492415   -0.0410631   

1130000
-4   -2   -1   0   1   2   3   
-0.301777   -0.0671926   0.0566725   0.233744   0.379725   0.430528   0.519957   
0.026205   0.0074711   0.00491553   0.00367945   0.00364545   0.00741224   0.00918354   
-0.040334   -0.0397761   -0.0436904   -0.0590852   -0.0666186   -0.0543582   -0.0492687   

1135000
-4   -2   -1   0   1   2   3   
-0.301589   -0.0667686   0.057122   0.234129   0.379453   0.430599   0.520065   
0.0261255   0.00745839   0.00491009   0.00366786   0.00365172   0.00740573   0.00916953   
-0.0404375   -0.039866   -0.0437836   -0.0591674   -0.0665523   -0.0543743   -0.0492957   

1140000
-2   -1   0   1   2   3   
-0.0663473   0.0575708   0.234519   0.379143   0.430669   0.520173   
0.00744579   0.00490504   0.00365638   0.00365935   0.00739929   0.00915569   
-0.0399554   -0.0438765   -0.0592505   -0.0664771   -0.0543903   -0.0493225   

1145000
-4   -2   -1   0   1   2   3   11   
-0.301243   -0.0659288   0.0580192   0.234914   0.378795   0.430738   0.520279   0.743832   
0.02601   0.00743328   0.00490041   0.00364498   0.00366836   0.0073929   0.009142   0.132781   
-0.0406551   -0.0400441   -0.0439692   -0.0593351   -0.0663934   -0.0544062   -0.049349   -0.041141   

1150000
-4   -2   -1   0   1   2   3   
-0.301051   -0.0655131   0.0584675   0.235315   0.378537   0.430808   0.520385   
0.0259555   0.00742086   0.00489623   0.00363366   0.00367443   0.00738658   0.00912847   
-0.0407602   -0.0401324   -0.0440616   -0.0594212   -0.0663315   -0.0544219   -0.0493753   

1155000
-4   -2   -1   0   1   3   
-0.300845   -0.0651002   0.0589049   0.235722   0.37825   0.520489   
0.0259036   0.00740853   0.0048911   0.00362244   0.00368165   0.00911509   
-0.0408625   -0.04022   -0.0441523   -0.0595089   -0.066263   -0.0494014   

1160000
-4   -2   -1   0   1   2   3   
-0.300628   -0.06469   0.059336   0.236137   0.377926   0.430945   0.520593   
0.0258539   0.00739628   0.00488561   0.00361132   0.00369024   0.00737411   0.00910185   
-0.0409619   -0.0403072   -0.0442418   -0.0595983   -0.0661861   -0.054453   -0.0494273   

1165000
-2   -1   0   1   2   3   
-0.0642825   0.0597657   0.236559   0.377566   0.431013   0.520696   
0.00738411   0.00488038   0.00360029   0.00370023   0.00736799   0.00908875   
-0.0403937   -0.0443309   -0.0596895   -0.0661009   -0.0544683   -0.0494529   

1170000
-4   -2   -1   0   1   2   3   10   
-0.300158   -0.0638776   0.0601941   0.236986   0.377279   0.43108   0.520799   0.675901   
0.0257614   0.00737203   0.00487544   0.00358936   0.00370788   0.00736196   0.00907578   0.117115   
-0.0411529   -0.0404798   -0.0444196   -0.059782   -0.0660333   -0.0544834   -0.0494784   -0.0310739   

1175000
-2   -1   0   1   2   3   6   
-0.0634756   0.0606221   0.237416   0.376978   0.43128   0.5209   0.73498   
0.00736003   0.0048709   0.00357849   0.00371622   0.00734457   0.00906295   0.0430562   
-0.0405653   -0.0445081   -0.0598753   -0.0659628   -0.054507   -0.0495037   -0.0193255   

1180000
-4   -2   -1   0   1   3   
-0.29965   -0.0630762   0.0610496   0.237849   0.376644   0.521001   
0.0256768   0.00734812   0.00486677   0.00356771   0.00372585   0.00905024   
-0.0413345   -0.0406502   -0.0445963   -0.0599695   -0.0658849   -0.0495287   

1185000
-4   -2   -1   0   1   3   4   
-0.299386   -0.0626793   0.0614772   0.238285   0.376277   0.521101   0.606328   
0.0256366   0.00733627   0.0048631   0.00355701   0.00373685   0.00903766   0.0166763   
-0.0414221   -0.0407347   -0.0446844   -0.0600643   -0.0657995   -0.0495536   -0.0404355   

1190000
-2   -1   0   1   3   
-0.0622846   0.0618931   0.238725   0.375983   0.5212   
0.0073245   0.00485834   0.00354638   0.00374544   0.00902519   
-0.0408187   -0.0447705   -0.06016   -0.0657317   -0.0495783   

1195000
-2   -1   0   1   3   
-0.0618923   0.0623037   0.239167   0.375675   0.521299   
0.00731279   0.00485331   0.00353584   0.00375476   0.00901285   
-0.0409022   -0.0448557   -0.0602564   -0.0656609   -0.0496029   

1200000
-2   -1   0   1   3   4   
-0.0615022   0.0627135   0.239613   0.37534   0.521396   0.606549   
0.00730115   0.00484854   0.00352537   0.00376528   0.00900061   0.0166195   
-0.0409853   -0.0449406   -0.0603537   -0.0655839   -0.0496272   -0.0404888   

1205000
-4   -2   -1   0   1   2   3   4   
-0.281965   -0.0611143   0.0631223   0.240062   0.374974   0.431691   0.521494   0.592873   
0.0175966   0.00728958   0.00484408   0.00351499   0.00377711   0.00730835   0.00898849   0.0105255   
-0.0428523   -0.0410679   -0.0450252   -0.0604519   -0.0655003   -0.0545963   -0.0496515   -0.0380994   

1210000
-4   -2   -1   0   1   3   
-0.298006   -0.0607288   0.063531   0.240513   0.374695   0.52159   
0.0254632   0.00727808   0.00483998   0.0035047   0.00378587   0.00897647   
-0.0418394   -0.0411501   -0.0451096   -0.0605506   -0.0654371   -0.0496755   

1215000
-2   -1   0   1   2   3   
-0.0603455   0.0639396   0.240968   0.374393   0.431824   0.521686   
0.00726664   0.0048363   0.00349449   0.00379574   0.00729656   0.00896456   
-0.0412318   -0.0451938   -0.0606505   -0.0653689   -0.0546259   -0.0496994   

1220000
-4   -2   -1   0   1   3   
-0.281228   -0.0599644   0.0643485   0.240857   0.374061   0.521782   
0.0174755   0.00725527   0.00483307   0.00348208   0.00380698   0.00895275   
-0.0431   -0.0413131   -0.0452778   -0.0606166   -0.065294   -0.0497231   

1225000
-2   -1   0   1   3   7   
-0.0595856   0.0647454   0.240675   0.373713   0.521876   0.751731   
0.00724396   0.00482861   0.00346942   0.00381901   0.00894104   0.0618933   
-0.0413939   -0.04536   -0.0605662   -0.0652159   -0.0497467   -0.0133524   

1230000
-2   -1   0   1   3   10   11   
-0.0592089   0.0651382   0.240517   0.373435   0.521971   0.736377   0.745466   
0.00723271   0.00482398   0.00345687   0.00382851   0.00892942   0.115761   0.132639   
-0.0414742   -0.0454414   -0.0605214   -0.065154   -0.0497702   -0.0346798   -0.0415389   

1235000
-2   -1   0   1   3   
-0.0588349   0.0655301   0.240383   0.373129   0.522064   
0.00722153   0.0048196   0.00344445   0.00383941   0.0089179   
-0.041554   -0.0455226   -0.0604825   -0.0650859   -0.0497935   

1240000
-4   -3   -2   -1   0   1   2   3   5   11   
-0.296256   -0.174213   -0.0584632   0.0634634   0.240272   0.372791   0.432151   0.522157   0.680697   0.745752   
0.0252679   0.0138194   0.00721041   0.00485372   0.00343215   0.0038518   0.0072679   0.00890647   0.0285853   0.132619   
-0.042297   -0.0422234   -0.0416334   -0.0449937   -0.0604492   -0.0650109   -0.0546988   -0.0498166   -0.0294343   -0.0416214   

1245000
-2   -1   0   1   3   7   
-0.0580935   0.0637226   0.240177   0.372473   0.52225   0.751978   
0.00719935   0.00485189   0.00341997   0.00386357   0.00889513   0.0618965   
-0.0417123   -0.0450416   -0.0604195   -0.0649408   -0.0498397   -0.0133463   

1250000
-2   -1   0   1   3   
-0.0577259   0.0640047   0.240094   0.372181   0.522342   
0.00718835   0.00485038   0.00340791   0.00387448   0.00888388   
-0.0417908   -0.0450948   -0.0603927   -0.064877   -0.0498626   

1255000
-4   -2   0   1   3   
-0.279401   -0.0573604   0.24002   0.371865   0.522433   
0.0172384   0.0071774   0.00339594   0.00388669   0.00887271   
-0.043629   -0.0418689   -0.0603681   -0.0648079   -0.0498853   

1260000
-2   0   1   2   3   
-0.056997   0.239952   0.371519   0.432406   0.522524   
0.00716651   0.00338407   0.00390042   0.00724579   0.00886162   
-0.0419466   -0.0603449   -0.0647323   -0.0547558   -0.049908   

1265000
-9   -2   -1   0   1   3   
-0.536436   -0.0566357   0.0675229   0.23982   0.371245   0.522615   
0.104798   0.00715568   0.00480193   0.0033726   0.00391117   0.00885062   
-0.00437661   -0.0420238   -0.0459204   -0.060307   -0.0646733   -0.0499305   

1270000
-7   -2   -1   0   1   2   3   
-0.536752   -0.0562765   0.0682259   0.238937   0.370951   0.432532   0.522705   
0.079622   0.00714491   0.00479326   0.00336493   0.00392311   0.00723501   0.0088397   
-0.0104446   -0.0421006   -0.0460792   -0.0600946   -0.0646099   -0.0547837   -0.0499529   

1275000
-2   -1   0   1   3   4   
-0.0559194   0.065475   0.238251   0.370623   0.522794   0.607474   
0.00713419   0.00483827   0.00335634   0.00393679   0.00882885   0.0163555   
-0.042177   -0.0453795   -0.0599278   -0.0645395   -0.0499752   -0.0407536   

1280000
-7   -2   -1   0   1   3   
-0.537544   -0.0555643   0.0657879   0.237689   0.370315   0.522884   
0.0796121   0.00712353   0.00483643   0.00334726   0.00394982   0.00881808   
-0.0103353   -0.042253   -0.0454408   -0.0597899   -0.0644737   -0.0499973   

1285000
-2   -1   0   1   3   
-0.0552113   0.0692877   0.237214   0.37002   0.522972   
0.00711292   0.00478431   0.00333786   0.0039625   0.00880738   
-0.0423286   -0.0462954   -0.0596723   -0.0644111   -0.0500194   

1290000
-5   -2   -1   0   1   2   3   
-0.410729   -0.0548603   0.0697157   0.236806   0.3697   0.432778   0.52306   
0.0421047   0.00710237   0.00478093   0.00332824   0.00397667   0.00721414   0.00879676   
-0.0350381   -0.0424037   -0.0463855   -0.0595703   -0.0643433   -0.0548384   -0.0500414   

1295000
-6   -2   -1   0   1   3   
-0.505477   -0.0545114   0.066706   0.236453   0.369383   0.523148   
0.0639648   0.00709187   0.00482839   0.00331848   0.00399092   0.0087862   
-0.0199564   -0.0424784   -0.0456221   -0.059481   -0.0642764   -0.0500632   

1300000
-2   -1   0   1   2   3   
-0.0541645   0.0670127   0.236145   0.3691   0.432898   0.523235   
0.00708143   0.0048256   0.0033086   0.0040038   0.00720402   0.00877572   
-0.0425527   -0.0456829   -0.0594025   -0.0642173   -0.0548651   -0.0500849   

1305000
-3   -2   -1   0   1   3   11   
-0.171033   -0.0538195   0.067324   0.235874   0.368787   0.523322   0.748956   
0.0135376   0.00707106   0.0048232   0.00329867   0.00401843   0.00876531   0.132563   
-0.0428854   -0.0426266   -0.0457447   -0.0593325   -0.0641521   -0.0501066   -0.042142   

1310000
-2   0   1   3   
-0.0534765   0.235628   0.368473   0.523409   
0.00706075   0.00328868   0.0040334   0.00875496   
-0.0427001   -0.0592683   -0.0640869   -0.0501281   

1315000
-9   -8   -2   0   1   3   
-0.536917   -0.530614   -0.0531354   0.235402   0.368215   0.523495   
0.104727   0.0917357   0.0070505   0.00327865   0.00404569   0.00874468   
-0.00431618   -0.00763465   -0.0427732   -0.0592086   -0.0640341   -0.0501496   

1320000
-3   -2   0   1   3   
-0.170309   -0.0527964   0.235196   0.367904   0.523581   
0.0134709   0.00704028   0.00326863   0.0040611   0.00873446   
-0.0430375   -0.0428459   -0.0591537   -0.0639701   -0.0501709   

1325000
-2   -1   0   1   3   
-0.0524594   0.0685653   0.235012   0.367624   0.523666   
0.00703012   0.00481343   0.0032586   0.00407508   0.0087243   
-0.0429182   -0.0459917   -0.0591039   -0.0639131   -0.0501922   

1330000
-8   -2   -1   0   1   3   
-0.530822   -0.0521244   0.0688705   0.234848   0.367249   0.523751   
0.0917223   0.00702001   0.00481057   0.00324857   0.00409459   0.00871421   
-0.00761195   -0.0429901   -0.0460527   -0.0590588   -0.0638363   -0.0502133   

1335000
-5   -4   -3   -2   0   1   3   
-0.407064   -0.290682   -0.169594   -0.0517914   0.234703   0.366655   0.523836   
0.0437657   0.0246802   0.0134031   0.00700996   0.00323855   0.00412698   0.00870418   
-0.0348486   -0.0435624   -0.043188   -0.0430615   -0.0590183   -0.063714   -0.0502344   

1340000
-2   -1   0   1   3   
-0.0514604   0.0694898   0.234577   0.365964   0.52392   
0.00699995   0.00480594   0.00322855   0.004166   0.00869421   
-0.0431326   -0.0461764   -0.0589821   -0.0635726   -0.0502554   

1345000
-2   0   1   2   3   
-0.0511314   0.23447   0.365297   0.43341   0.524004   
0.00699   0.00321859   0.00420481   0.00716231   0.00868429   
-0.0432032   -0.0589503   -0.0634376   -0.0549786   -0.0502763   

1350000
-3   -2   0   1   3   
-0.16889   -0.0508043   0.23438   0.364648   0.524088   
0.0133336   0.00698009   0.00320865   0.00424375   0.00867443   
-0.0433366   -0.0432735   -0.0589227   -0.0633076   -0.0502972   

1355000
-5   -4   -2   -1   0   1   2   3   
-0.405871   -0.289545   -0.0504792   0.0704113   0.234308   0.364017   0.433516   0.524171   
0.0436517   0.0245593   0.00697026   0.00479891   0.00319875   0.00428266   0.00715407   0.00866463   
-0.0351777   -0.0438038   -0.0433433   -0.0463609   -0.0588993   -0.0631828   -0.0550017   -0.0503179   

1360000
-2   0   1   3   
-0.0501561   0.234249   0.363406   0.524254   
0.00696043   0.00318888   0.00432139   0.00865489   
-0.0434127   -0.0588791   -0.0630631   -0.0503386   

1365000
-6   -4   -2   0   1   2   3   
-0.509531   -0.288982   -0.0498349   0.234197   0.362822   0.433619   0.524337   
0.0637249   0.0244991   0.00695068   0.00317906   0.00435927   0.00714627   0.0086452   
-0.0196274   -0.0439219   -0.0434817   -0.0588606   -0.0629498   -0.055024   -0.0503592   

1370000
-8   -2   0   1   2   3   
-0.531307   -0.0495156   0.234151   0.362289   0.433668   0.524419   
0.0916826   0.00694097   0.0031693   0.00439463   0.0071426   0.00863556   
-0.00755673   -0.0435504   -0.0588435   -0.0628476   -0.0550346   -0.0503797   

1375000
-2   -1   0   1   2   3   
-0.0491982   0.0716225   0.233867   0.361828   0.433717   0.524501   
0.00693131   0.00478917   0.00316093   0.00442581   0.00713905   0.00862597   
-0.0436186   -0.0466041   -0.0587715   -0.0627604   -0.0550451   -0.0504001   

1380000
-2   0   1   2   3   4   
-0.0488827   0.233386   0.361455   0.433765   0.524583   0.608507   
0.0069217   0.0031537   0.00445134   0.00713564   0.00861644   0.0159919   
-0.0436865   -0.0586538   -0.0626909   -0.0550552   -0.0504205   -0.0411376   

1385000
-2   -1   0   1   3   12   
-0.0485691   0.0722284   0.232964   0.361126   0.524664   0.690193   
0.00691213   0.00478508   0.00314616   0.00447422   0.00860698   0.153162   
-0.043754   -0.0467257   -0.0585496   -0.0626305   -0.0504407   -0.0457483   

1390000
-5   -2   -1   0   1   3   
-0.403854   -0.0482573   0.072521   0.232589   0.36084   0.524745   
0.043453   0.00690262   0.00478211   0.00313837   0.00449433   0.00859755   
-0.0357381   -0.0438211   -0.0467848   -0.0584564   -0.0625786   -0.0504609   

1395000
-10   -2   0   1   3   
-0.550172   -0.0479474   0.232255   0.360512   0.524826   
0.117895   0.00689314   0.00313038   0.00451764   0.00858816   
-0.000463532   -0.0438878   -0.0583726   -0.0625189   -0.050481   

1400000
-2   0   1   2   3   10   
-0.0476393   0.231957   0.360263   0.433951   0.524906   0.742634   
0.00688372   0.0031222   0.00453551   0.00712275   0.00857882   0.115559   
-0.0439541   -0.0582971   -0.0624748   -0.0550939   -0.0505011   -0.0357148   

1405000
0   1   2   3   
0.23169   0.360052   0.433995   0.524986   
0.00311388   0.00455084   0.00711979   0.00856953   
-0.0582286   -0.0624379   -0.0551031   -0.0505211   

1410000
-9   -2   -1   0   1   2   3   
-0.537829   -0.0470285   0.073704   0.231445   0.359716   0.434039   0.525066   
0.104524   0.006865   0.00477298   0.00310548   0.00457544   0.00711693   0.00856029   
-0.00420756   -0.0440857   -0.0470232   -0.0581653   -0.0623775   -0.055112   -0.0505411   

1415000
-2   -1   0   1   2   3   
-0.0397067   0.0740052   0.231356   0.359498   0.434081   0.525146   
0.00320007   0.00477169   0.00309617   0.00459153   0.00711429   0.00855109   
-0.04509   -0.0470835   -0.0581398   -0.0623397   -0.0551205   -0.0505609   

1420000
-4   -2   -1   0   1   2   3   9   
-0.285968   -0.046425   0.0742928   0.231444   0.359314   0.434123   0.525225   0.738772   
0.0241696   0.00684647   0.00476904   0.00308583   0.00460526   0.00711175   0.00854193   0.0978863   
-0.0445417   -0.0442157   -0.0471417   -0.0581571   -0.0623085   -0.0551288   -0.0505807   -0.0270431   

1425000
-5   -1   0   1   2   3   4   
-0.374345   0.0745773   0.231541   0.359106   0.434163   0.525304   0.608931   
0.0355206   0.0047662   0.00307555   0.00462089   0.00710933   0.00853284   0.0155802   
-0.0382271   -0.0471994   -0.0581763   -0.062273   -0.0551369   -0.0506004   -0.0415052   

1430000
-2   -1   0   1   2   3   
-0.0458288   0.074862   0.231644   0.358912   0.434203   0.525383   
0.00682812   0.00476356   0.00306529   0.00463556   0.00710701   0.0085238   
-0.0443443   -0.0472571   -0.0581972   -0.0622401   -0.0551448   -0.0506201   

1435000
-8   -2   -1   0   1   3   
-0.532065   -0.0455334   0.0751477   0.231755   0.358714   0.525462   
0.0915889   0.00681901   0.00476119   0.00305509   0.00465057   0.0085148   
-0.00746695   -0.044408   -0.0473149   -0.0582196   -0.0622067   -0.0506396   

1440000
-6   -2   -1   0   1   2   3   4   
-0.51477   -0.0452398   0.0754347   0.23187   0.3585   0.434281   0.52554   0.595569   
0.063692   0.00680994   0.00475916   0.00304496   0.00466699   0.00710251   0.00850584   0.00963822   
-0.0191393   -0.0444714   -0.0473729   -0.0582431   -0.0621703   -0.0551601   -0.0506591   -0.0391625   

1445000
-6   -3   -2   -1   0   1   2   3   
-0.514945   -0.167052   -0.0449479   0.0757234   0.23199   0.358374   0.434319   0.525618   
0.0636857   0.0115119   0.00680092   0.00475751   0.00303489   0.0046768   0.00710041   0.00849692   
-0.0191259   -0.0437689   -0.0445343   -0.047431   -0.0582676   -0.0621505   -0.0551675   -0.0506786   

1450000
-6   -2   0   1   3   
-0.515079   -0.0446578   0.232113   0.358237   0.525696   
0.0636818   0.00679194   0.00302485   0.00468752   0.00848804   
-0.0191189   -0.044597   -0.0582929   -0.0621286   -0.050698   

1455000
-2   -1   0   1   3   9   
-0.0443694   0.0762946   0.232239   0.358059   0.525773   0.741188   
0.006783   0.00475411   0.00301488   0.00470144   0.00847921   0.0977331   
-0.0446592   -0.0475462   -0.0583188   -0.0620991   -0.0507173   -0.0271891   

1460000
-5   -2   -1   0   1   3   
-0.400037   -0.0440827   0.0765691   0.232367   0.357895   0.52585   
0.0430594   0.00677411   0.0047514   0.00300495   0.00471432   0.00847041   
-0.0368128   -0.0447212   -0.047602   -0.0583452   -0.0620725   -0.0507366   

1465000
-1   0   1   3   
0.0768435   0.232497   0.357777   0.525927   
0.00474888   0.00299508   0.00472377   0.00846165   
-0.0476577   -0.058372   -0.0620542   -0.0507558   

1470000
-2   -1   0   1   2   3   
-0.0435144   0.0771181   0.232628   0.357649   0.434498   0.526004   
0.00675645   0.00474659   0.00298526   0.00473392   0.00709141   0.00845293   
-0.0448439   -0.0477134   -0.0583991   -0.0620344   -0.0552015   -0.050775   

1475000
0   1   3   12   16   
0.23276   0.357507   0.526081   0.763982   0.851306   
0.00297549   0.00474535   0.00844425   0.148604   0.208952   
-0.0584262   -0.0620118   -0.0507941   -0.0484039   -0.0746074   

1480000
-4   -1   0   1   2   3   
-0.282824   0.0776707   0.232667   0.357376   0.434563   0.526157   
0.0237732   0.00474305   0.00296717   0.0047559   0.00708859   0.00843561   
-0.0451551   -0.0478251   -0.0584011   -0.0619915   -0.0552136   -0.0508131   

1485000
0   1   2   3   
0.232489   0.35728   0.434595   0.526233   
0.00295941   0.00476374   0.0070873   0.008427   
-0.0583559   -0.0619776   -0.0552195   -0.0508321   

1490000
-8   -1   0   1   3   5   6   8   
-0.532739   0.0782222   0.232338   0.35718   0.526309   0.681937   0.720723   0.768302   
0.0914778   0.00474052   0.00295151   0.00477195   0.00841843   0.0271367   0.0446661   0.0791915   
-0.00739424   -0.0479361   -0.0583171   -0.061963   -0.0508511   -0.0306515   -0.0189911   -0.0152221   

1495000
-9   -2   0   1   2   3   11   
-0.538708   -0.0421205   0.232211   0.357071   0.434656   0.526384   0.752226   
0.104247   0.00671297   0.00294346   0.00478099   0.00708493   0.0084099   0.132435   
-0.00413337   -0.0451454   -0.0582838   -0.0619466   -0.0552308   -0.05087   -0.0424037   

1500000
-10   -5   -4   -1   0   1   2   3   8   
-0.551169   -0.39798   -0.281801   0.0787443   0.232104   0.356948   0.434686   0.52646   0.769012   
0.117218   0.0428345   0.023627   0.00473558   0.00293532   0.0047911   0.00708383   0.0084014   0.0791863   
-0.000485223   -0.0374022   -0.0453433   -0.0480423   -0.058255   -0.0619278   -0.0552362   -0.0508888   -0.015247   

