5000
0  1  2  3  4  5  6  7  9  10  11  12  
0.152121  0.243462  0.323672  0.395871  0.460672  0.519763  0.573153  0.620375  0.697715  0.731293  0.758533  0.773163  
0.0528845  0.0552171  0.0583282  0.062264  0.0670943  0.0729866  0.0801593  0.0888262  0.110826  0.123787  0.138751  0.157245  
-0.0713796  -0.0719147  -0.0716217  -0.0714442  -0.0717951  -0.0725121  -0.0736765  -0.0754958  -0.0815205  -0.0855874  -0.091268  -0.100501  

10000
-9  -8  -7  -6  -4  0  1  2  3  4  6  7  8  9  10  
-0.132889  -0.0997558  -0.0675163  -0.156462  -0.300757  0.176391  0.265694  0.343334  0.413031  0.475416  0.581706  0.625441  0.663552  0.699917  0.733914  
0.100142  0.0904873  0.0817006  0.0855017  0.0848965  0.0400432  0.0426651  0.0460545  0.0503089  0.0555422  0.0697149  0.0790715  0.0901237  0.102436  0.116251  
-0.0321722  -0.034855  -0.0368225  -0.0125423  0.00887891  -0.075165  -0.0753611  -0.0750139  -0.0749997  -0.0756078  -0.0784568  -0.0808253  -0.0838669  -0.0871589  -0.0910207  

15000
-10  -9  -8  -7  -6  -5  -4  0  1  2  3  4  7  8  9  10  
-0.319931  -0.127331  -0.0928382  -0.059157  -0.0282923  -0.133609  -0.24984  0.186877  0.274755  0.350652  0.418791  0.479593  0.625116  1.06719  0.701167  1.06199  
0.134862  0.0962479  0.0863637  0.077359  0.0688994  0.0730598  0.076571  0.0345752  0.0373655  0.0409287  0.0453928  0.050887  0.075422  0.0636175  0.0990698  0.107698  
-0.00230637  -0.0318426  -0.0345418  -0.0365577  -0.0378145  -0.00935315  0.0101715  -0.0769638  -0.0770436  -0.0767205  -0.076851  -0.0776452  -0.0836826  -0.0612115  -0.0895907  -0.0641352  

20000
-10  -9  -8  -7  -3  0  1  2  3  4  6  7  8  12  
-0.36818  -0.330868  -0.332386  -0.0547328  -0.284689  0.191929  0.279075  0.353913  0.421186  0.480948  0.581666  0.979922  0.661582  0.988165  
0.146714  0.129558  0.122597  0.0747988  0.0681434  0.0314199  0.0343357  0.0380344  0.0426684  0.0483718  0.0636164  0.0465612  0.0849518  0.157942  
-0.0166298  -0.0153949  -0.00986975  -0.0363748  0.0242153  -0.0779811  -0.0780613  -0.0778031  -0.0780814  -0.0790311  -0.0827673  -0.0691482  -0.0884095  -0.0881103  

25000
-10  -9  -8  -7  -1  0  1  2  3  4  6  9  10  11  
-0.35913  -0.348043  -0.339896  -0.325628  0.0872634  0.193891  0.281458  0.355652  0.422011  0.480664  0.579881  1.18361  1.1299  1.03913  
0.143523  0.133577  0.122788  0.111238  0.0355317  0.029326  0.0323543  0.0361659  0.0409308  0.0467921  0.0623242  0.0770132  0.0961291  0.122815  
-0.0222982  -0.0219065  -0.0197358  -0.014466  -0.0812578  -0.0785234  -0.0787853  -0.0786062  -0.0789712  -0.0799995  -0.0839571  -0.059493  -0.0543296  -0.0665486  

30000
-10  -9  -8  -7  -5  -1  0  1  2  3  4  6  7  8  9  10  11  
-0.368298  -0.339058  -0.324963  -0.332298  -0.360592  0.0903215  0.193401  0.282792  0.35632  0.421884  0.479675  0.698252  0.981016  1.15984  1.20711  1.1541  1.05748  
0.146363  0.130479  0.119042  0.111538  0.0966368  0.0332621  0.0278188  0.0309513  0.0348511  0.0397226  0.0457149  0.0643567  0.0449738  0.0587444  0.0768356  0.093816  0.116793  
-0.0257259  -0.0253921  -0.0239551  -0.0197847  -0.00576019  -0.0812246  -0.0786026  -0.0793337  -0.0792028  -0.0796334  -0.0807283  -0.104881  -0.0703673  -0.068465  -0.060947  -0.0531588  -0.0610296  

35000
-10  -9  -8  -7  -6  -1  0  1  2  3  4  6  7  8  9  10  11  15  
-0.345092  -0.329169  -0.370032  -0.355919  -0.359904  0.0961495  0.186962  0.283351  0.356289  0.421177  0.547064  0.958907  0.990508  1.19771  1.2358  1.14893  1.05459  0.983781  
0.138071  0.126612  0.129819  0.116158  0.107258  0.0307206  0.0266341  0.0299003  0.033874  0.038835  0.0461506  0.0350919  0.0436016  0.0593661  0.0784979  0.0931455  0.116726  0.219721  
-0.0264302  -0.0271559  -0.0265928  -0.0231437  -0.019984  -0.0813724  -0.0773005  -0.0797478  -0.0796527  -0.0801364  -0.0939565  -0.0822987  -0.0707905  -0.0716496  -0.0629703  -0.0530175  -0.0618009  -0.122022  

40000
-10  -9  -8  -7  -6  -5  -1  0  1  2  3  4  6  8  9  10  11  12  15  
-0.342744  -0.328917  -0.353385  -0.327666  -0.330332  -0.343508  0.0945086  0.207979  0.283431  0.355892  0.491121  0.633994  0.964287  1.21362  1.22463  1.13997  1.04489  1.00058  1.00281  
0.136869  0.125846  0.125238  0.108963  0.0985739  0.0905006  0.0294986  0.0269659  0.0290825  0.0331202  0.039123  0.045024  0.0344996  0.0582744  0.0761738  0.0932528  0.11801  0.149634  0.226409  
-0.027493  -0.0285777  -0.0285241  -0.0245726  -0.0184155  -0.0129399  -0.0809806  -0.0815185  -0.0800706  -0.08001  -0.0933727  -0.107017  -0.0829071  -0.0723171  -0.0613853  -0.0532872  -0.0641619  -0.0823973  -0.118561  

45000
-10  -9  -8  -7  -6  -5  -4  0  1  2  3  6  7  8  9  10  12  16  
-0.351178  -0.323965  -0.362715  -0.331023  -0.331324  -0.347635  -0.34273  0.209782  0.283234  0.398465  0.552205  0.973007  1.04557  1.2192  1.21873  1.15147  0.995218  1.00711  
0.139688  0.124241  0.127138  0.109015  0.0978421  0.0903101  0.081026  0.0271201  0.0284284  0.03305  0.0379731  0.0336143  0.0413646  0.0578791  0.0765879  0.0946987  0.153237  0.234054  
-0.029327  -0.0290901  -0.0300089  -0.0256804  -0.0195132  -0.0156479  -0.0137433  -0.0829551  -0.0803332  -0.0882527  -0.102963  -0.0836263  -0.0734655  -0.0721838  -0.0610766  -0.0537999  -0.0861708  -0.124697  

50000
-10  -9  -7  -6  -5  -4  -3  0  1  2  3  6  7  8  9  10  12  13  14  
-0.378584  -0.328009  -0.352027  -0.334954  -0.347896  -0.341159  -0.296175  0.208424  0.289409  0.456972  0.593717  0.978399  1.1141  1.22727  1.22208  1.12511  0.96836  0.986702  0.975038  
0.149104  0.125382  0.113789  0.0980085  0.0896337  0.0804213  0.0711308  0.0267574  0.0279783  0.0324336  0.036281  0.033141  0.0428529  0.0586719  0.0772098  0.0948611  0.160823  0.187903  0.200913  
-0.0326373  -0.0303125  -0.028199  -0.0204855  -0.0162613  -0.0165295  -0.024913  -0.0830103  -0.0817871  -0.0981463  -0.108241  -0.0840588  -0.0794007  -0.072781  -0.0612421  -0.0549299  -0.0968549  -0.105594  -0.112602  

55000
-10  -8  -7  -6  -5  0  1  2  6  7  8  9  11  13  
-0.336691  -0.316422  -0.315963  -0.354354  -0.348698  0.20602  0.347734  0.502052  0.988016  1.13134  1.23796  1.222  1.02814  0.960008  
0.133399  0.114141  0.104023  0.103819  0.0894751  0.0264093  0.027849  0.0312436  0.0322909  0.0421479  0.0585861  0.0791172  0.127003  0.182244  
-0.0289959  -0.0304948  -0.0273774  -0.0268799  -0.0168653  -0.0826285  -0.0922803  -0.104885  -0.084787  -0.0808643  -0.0731045  -0.0618551  -0.0737215  -0.107234  

60000
-10  -9  -8  -7  -6  -5  -3  0  1  2  3  6  7  8  
-0.362676  -0.320365  -0.356019  -0.320467  -0.340575  -0.349906  -0.288334  0.22737  0.395796  0.53874  0.668544  0.996476  1.14334  1.2366  
0.142858  0.121887  0.123994  0.104973  0.0969353  0.0936919  0.0689813  0.0261599  0.0271927  0.0298107  0.0322653  0.0315237  0.0412784  0.0595169  
-0.0327729  -0.0305775  -0.0327062  -0.0277309  -0.0218213  -0.0300252  -0.0288717  -0.0864949  -0.10022  -0.109802  -0.116479  -0.085408  -0.0814898  -0.0726796  

65000
-7  -6  -5  -4  -3  0  1  2  3  6  7  8  10  
-0.357988  -0.340567  -0.352974  -0.33799  -0.261362  0.268469  0.426513  0.563458  0.697749  1.00327  1.15524  1.23801  1.07606  
0.114517  0.0971521  0.0884491  0.0789454  0.0714523  0.0256145  0.0262001  0.0283481  0.0301421  0.0308661  0.0414054  0.0595684  0.102754  
-0.0329301  -0.0218873  -0.0182419  -0.0222759  -0.0391043  -0.0937705  -0.104806  -0.112598  -0.119185  -0.08587  -0.0823346  -0.0720094  -0.0644356  

70000
-9  -7  -5  -4  0  1  2  6  7  8  9  12  13  
-0.319061  -0.31627  -0.349888  -0.337147  0.296972  0.458379  0.593831  1.0088  1.16655  1.23854  1.16914  0.959293  0.963964  
0.12067  0.102952  0.0919548  0.0790971  0.0248155  0.0250986  0.0267929  0.0303026  0.0423446  0.0607075  0.0932899  0.162495  0.181185  
-0.0311862  -0.0283877  -0.0274939  -0.0223318  -0.098347  -0.109419  -0.116299  -0.0862222  -0.0836002  -0.0717561  -0.0699425  -0.100498  -0.105327  

75000
-9  -7  -6  -5  -3  0  1  2  6  7  8  10  16  18  
-0.355455  -0.356251  -0.342124  -0.356502  -0.286404  0.325722  0.475304  0.613524  1.01336  1.17579  1.23313  1.03319  1.04724  1.0454  
0.132092  0.11277  0.0960211  0.0878286  0.0672567  0.0238435  0.0240239  0.0253202  0.0298274  0.0416585  0.0625453  0.110917  0.243853  0.263442  
-0.0361381  -0.033617  -0.021806  -0.0197924  -0.0303074  -0.102773  -0.11137  -0.118241  -0.0865001  -0.0840354  -0.0717483  -0.0759215  -0.109433  -0.132576  

80000
-5  -4  0  1  2  6  7  13  15  16  18  
-0.349793  -0.336197  0.353933  0.509324  0.646127  1.01722  1.18056  0.976559  1.01103  1.01902  1.06062  
0.0910626  0.0783025  0.0223753  0.0227766  0.0235689  0.0294396  0.0416989  0.180302  0.218352  0.231623  0.270264  
-0.0291617  -0.0242544  -0.106969  -0.116268  -0.122385  -0.086739  -0.083717  -0.102493  -0.109114  -0.116648  -0.126201  

85000
-9  -8  -7  -6  -5  -4  -3  0  1  2  3  6  13  14  15  16  
-0.317573  -0.323855  -0.3132  -0.34965  -0.359174  -0.337271  -0.221823  0.368969  0.515246  0.659899  0.7952  1.0207  1.0153  0.984127  0.992081  1.01037  
0.118838  0.113608  0.100332  0.0968103  0.0869547  0.0770356  0.0642506  0.0207973  0.0218484  0.0223052  0.0223403  0.0291437  0.187774  0.197687  0.210972  0.226975  
-0.0316825  -0.0337854  -0.0289356  -0.0235204  -0.0186394  -0.0254837  -0.049158  -0.108651  -0.116324  -0.123535  -0.128108  -0.086979  -0.0953806  -0.106654  -0.113375  -0.118926  

90000
-10  -9  -6  -4  0  1  2  6  7  11  15  17  
-0.332184  -0.339862  -0.344444  -0.311598  0.394415  0.53874  0.673793  1.02412  1.194  0.964509  1.01686  1.04084  
0.129303  0.126297  0.0939744  0.0780732  0.0199528  0.0206609  0.0210718  0.028955  0.0423582  0.141556  0.217294  0.248594  
-0.0301885  -0.0357322  -0.0209855  -0.0389922  -0.1124  -0.119455  -0.1248  -0.0872612  -0.0838851  -0.0944586  -0.105325  -0.119699  

95000
-7  -6  -5  -1  0  1  2  6  11  12  15  16  18  
-0.313979  -0.357585  -0.361721  0.243106  0.406925  0.563074  0.690908  1.02797  0.966095  0.960941  0.994332  1.01033  1.04476  
0.100003  0.0993901  0.0864702  0.0220533  0.0192099  0.0194451  0.0197732  0.0289277  0.141157  0.16021  0.209914  0.226003  0.26061  
-0.0290681  -0.0296573  -0.0178642  -0.103957  -0.113917  -0.122821  -0.126636  -0.0876544  -0.0940794  -0.0984347  -0.111571  -0.11797  -0.131188  

100000
-8  -7  -6  -4  -3  -1  0  1  2  6  7  12  13  18  
-0.321603  -0.316141  -0.347677  -0.309563  -0.159843  0.26525  0.421207  0.574268  0.706837  1.03297  1.21007  1.03194  0.985931  1.05494  
0.111956  0.0993363  0.0939382  0.0738811  0.0586926  0.0212671  0.0184339  0.0185427  0.018562  0.0290809  0.0432008  0.165269  0.178816  0.264119  
-0.034286  -0.0292618  -0.0209483  -0.033097  -0.0591339  -0.107187  -0.115756  -0.123974  -0.128375  -0.0882586  -0.0835505  -0.0853401  -0.0973337  -0.12506  

105000
-5  -1  0  1  2  6  7  13  14  15  16  18  
-0.35763  0.273213  0.439715  0.583022  0.721151  1.03547  1.22436  1.01896  1.0038  1.00496  1.01186  1.04456  
0.0875656  0.0206393  0.0176073  0.0177138  0.0174597  0.0282374  0.0454129  0.179481  0.195522  0.210553  0.224604  0.259505  
-0.0256739  -0.108009  -0.118389  -0.124737  -0.129946  -0.0883384  -0.0840754  -0.0877265  -0.0977051  -0.106876  -0.116311  -0.130213  

110000
-10  -7  -5  -1  0  1  2  6  12  13  14  15  
-0.34693  -0.317104  -0.366451  0.286616  0.458131  0.595274  0.73369  1.03909  0.976827  0.995598  0.9833  0.994309  
0.134564  0.0995089  0.0855867  0.0199412  0.0167801  0.0168249  0.0164815  0.0275422  0.159171  0.176428  0.191919  0.207312  
-0.0346164  -0.0292138  -0.0177848  -0.109752  -0.121071  -0.126145  -0.131319  -0.0884793  -0.0938673  -0.0926938  -0.103452  -0.110327  

115000
-6  -5  -4  -3  -1  0  1  2  6  13  14  16  
-0.352796  -0.361203  -0.21276  -0.0916805  0.302272  0.475996  0.607503  0.740733  1.04365  0.975051  1.00793  1.01186  
0.0935956  0.0855233  0.0683576  0.0534317  0.0192211  0.0159726  0.0159748  0.0157417  0.027224  0.174052  0.192625  0.222748  
-0.0208233  -0.0272715  -0.0619573  -0.075085  -0.111906  -0.123735  -0.127621  -0.131859  -0.0887416  -0.0977066  -0.0939545  -0.115224  

120000
-7  -6  -5  -4  -1  0  1  2  6  12  14  15  
-0.347432  -0.351966  -0.34464  -0.233875  0.317543  0.475837  0.618806  0.739928  1.04814  0.983541  0.993118  0.995252  
0.105645  0.0925692  0.0865183  0.0679662  0.0185212  0.0154976  0.0151846  0.0152588  0.0271549  0.155988  0.190444  0.205452  
-0.031437  -0.0196011  -0.0325765  -0.0492271  -0.114033  -0.123117  -0.12898  -0.131122  -0.0890788  -0.0901599  -0.098698  -0.10894  

125000
-9  -8  -7  -5  -1  1  2  6  11  13  
-0.324807  -0.305557  -0.337248  -0.36275  0.320183  0.629048  0.744098  1.05289  0.971892  0.986755  
0.120019  0.106117  0.102498  0.0846143  0.0180851  0.0144651  0.0146675  0.0272983  0.138619  0.1719  
-0.0348981  -0.0323847  -0.0291541  -0.0193858  -0.113993  -0.130241  -0.131277  -0.0895473  -0.0911965  -0.0927129  

130000
-10  -7  -6  -5  -4  -1  1  2  12  13  
-0.331271  -0.318245  -0.361528  -0.348158  -0.200588  0.328025  0.638186  0.748917  0.993472  0.978044  
0.126978  0.0985793  0.0956889  0.0829494  0.0646289  0.0175603  0.0138178  0.0140961  0.152496  0.170722  
-0.0308606  -0.0290667  -0.0252456  -0.0231872  -0.0585435  -0.11488  -0.131365  -0.13159  -0.0855458  -0.095227  

135000
-10  -9  -7  -6  -5  -1  1  2  13  14  18  
-0.338727  -0.314103  -0.313059  -0.357389  -0.330933  0.337716  0.645872  0.754001  0.991168  0.985657  1.04157  
0.131097  0.11575  0.097228  0.0929856  0.0810946  0.0170128  0.0132593  0.0135637  0.168538  0.186148  0.257167  
-0.0335142  -0.0320434  -0.0287713  -0.0198779  -0.0293406  -0.116122  -0.132299  -0.132009  -0.0894244  -0.099937  -0.129241  

140000
-10  -7  -5  -1  1  2  13  15  16  18  
-0.332365  -0.344537  -0.304859  0.347806  0.643425  0.758891  0.981143  0.995051  1.00851  1.04061  
0.12866  0.103814  0.0789624  0.0164698  0.0129556  0.0130835  0.168249  0.201714  0.219263  0.256759  
-0.0320136  -0.0303904  -0.0402663  -0.117471  -0.131414  -0.132451  -0.0929315  -0.106802  -0.114489  -0.130686  

145000
-10  -7  -5  -4  -1  1  2  
-0.329207  -0.338811  -0.26788  -0.138577  0.357742  0.645771  0.763392  
0.126815  0.101986  0.0788757  0.0596514  0.0159406  0.0125613  0.0126642  
-0.0306073  -0.0289553  -0.0524033  -0.076965  -0.118833  -0.131431  -0.132876  

150000
-9  -8  -7  -5  -4  -1  0  1  14  17  
-0.322127  -0.304468  -0.328676  -0.268541  -0.119631  0.367165  0.529175  0.649082  0.986258  1.0225  
0.118774  0.104905  0.0996916  0.077831  0.0589975  0.0154321  0.0121499  0.0121692  0.182064  0.237233  
-0.0349541  -0.0322119  -0.0287444  -0.0497788  -0.0822939  -0.120148  -0.130147  -0.131657  -0.0969477  -0.122984  

155000
-10  -9  -8  -7  -6  -5  -4  0  1  2  6  9  17  
-0.329074  -0.317037  -0.304849  -0.318537  -0.364307  -0.285218  -0.103184  0.53618  0.652888  0.763625  1.0801  1.03004  1.02233  
0.126033  0.116917  0.104612  0.097606  0.0943808  0.0770947  0.0599828  0.0117223  0.011795  0.0120928  0.0266799  0.0955753  0.23685  
-0.030065  -0.03367  -0.0322389  -0.0286718  -0.0225221  -0.0398866  -0.0850593  -0.131119  -0.132016  -0.132295  -0.0915541  -0.0814293  -0.123052  

160000
-10  -7  -6  -5  -4  -1  1  2  6  9  13  14  15  
-0.329467  -0.314174  -0.363251  -0.278402  -0.135484  0.382453  0.656627  0.764183  1.08368  1.21582  0.986833  0.984572  0.992158  
0.125858  0.0965111  0.0929288  0.0761228  0.0587498  0.0142946  0.0114493  0.0118169  0.0262561  0.0654339  0.159491  0.179803  0.19791  
-0.0303089  -0.0283871  -0.0192248  -0.0408651  -0.0726365  -0.122381  -0.132395  -0.132115  -0.0914966  -0.0628197  -0.0867632  -0.0955404  -0.101345  

165000
-9  -8  -6  -5  -1  1  2  15  
-0.313094  -0.314059  -0.361964  -0.270731  0.38937  0.660194  0.76537  0.991067  
0.114757  0.107912  0.0920487  0.0751249  0.0138908  0.011135  0.0115452  0.198163  
-0.0318625  -0.0347356  -0.0174514  -0.0429708  -0.123333  -0.132774  -0.132069  -0.103869  

170000
-9  -7  -5  -4  -2  -1  1  2  9  15  
-0.313119  -0.340211  -0.260991  -0.11539  0.243258  0.395669  0.663558  0.766833  1.2061  0.990521  
0.114516  0.101863  0.0738939  0.0564705  0.0172986  0.0134982  0.0108557  0.0112857  0.0683904  0.1987  
-0.0317121  -0.0285733  -0.0464446  -0.0780808  -0.119445  -0.124216  -0.133147  -0.132092  -0.0645303  -0.105811  

175000
-10  -9  -8  -7  -5  -2  -1  1  2  9  14  16  
-0.331059  -0.313349  -0.305787  -0.336469  -0.245796  0.250323  0.401487  0.665188  0.7684  1.20157  0.980191  1.00202  
0.1278  0.114326  0.105074  0.100745  0.0722249  0.0167594  0.0131182  0.0106323  0.0110426  0.0648531  0.177762  0.21666  
-0.032012  -0.0317565  -0.0328956  -0.0281774  -0.0526171  -0.120473  -0.125064  -0.133229  -0.132154  -0.0627582  -0.0944415  -0.111045  

180000
-9  -8  -7  -5  0  1  2  6  
-0.314245  -0.304075  -0.330771  -0.222226  0.547048  0.664134  0.769979  1.09416  
0.114227  0.104249  0.0993908  0.0706413  0.010316  0.0104507  0.0108201  0.0266092  
-0.0322064  -0.0321954  -0.028104  -0.0614167  -0.13174  -0.132816  -0.132239  -0.0925016  

185000
-9  -8  -6  -5  -1  0  1  2  10  14  
-0.319021  -0.303819  -0.334919  -0.202384  0.404289  0.550021  0.664216  0.771712  1.14446  0.979753  
0.117814  0.103931  0.0918385  0.0711742  0.0126477  0.0100652  0.0102616  0.0106208  0.0834441  0.178934  
-0.0349492  -0.0319068  -0.0311835  -0.0658453  -0.125028  -0.132079  -0.132632  -0.132379  -0.0525829  -0.0970173  

190000
-10  -9  -7  -6  -5  -4  -1  0  1  2  8  9  10  15  
-0.328319  -0.317931  -0.31885  -0.332153  -0.200933  -0.0619244  0.406212  0.552978  0.664851  0.773558  1.20665  1.19983  1.13115  0.985477  
0.125381  0.117093  0.0967182  0.0910176  0.0704684  0.0512183  0.0124148  0.0098299  0.0100734  0.0104498  0.056481  0.0726987  0.0786255  0.19671  
-0.0298596  -0.034405  -0.0279493  -0.0309663  -0.0653529  -0.0940203  -0.12513  -0.132433  -0.132563  -0.132571  -0.0782505  -0.0669425  -0.050472  -0.103434  

195000
-9  -8  -6  -5  -1  0  1  2  8  9  13  15  17  
-0.316198  -0.304267  -0.331009  -0.205733  0.408711  0.555833  0.665771  0.772802  1.20357  1.18958  0.980609  0.986098  1.0159  
0.116207  0.103583  0.0902281  0.0699479  0.0121793  0.00961209  0.00989044  0.0102931  0.0511329  0.0668276  0.154526  0.197303  0.235433  
-0.0337277  -0.0318525  -0.0299518  -0.0623936  -0.125356  -0.132784  -0.132558  -0.132287  -0.0762594  -0.0639119  -0.085577  -0.105144  -0.119998  

200000
-10  -8  -7  -6  -5  -1  0  2  8  9  15  16  
-0.328619  -0.305417  -0.314841  -0.332175  -0.213032  0.411417  0.558599  0.772331  1.20227  1.18801  0.98685  1.00249  
0.125101  0.103486  0.0955451  0.0894923  0.0696497  0.0119485  0.00941276  0.0101393  0.0508357  0.0642679  0.197805  0.216376  
-0.0297339  -0.0321873  -0.0275274  -0.0279257  -0.0583717  -0.125639  -0.133136  -0.132062  -0.076505  -0.0626287  -0.106221  -0.114883  

205000
-10  -6  -5  -1  1  2  3  9  12  15  
-0.328723  -0.333205  -0.211748  0.414321  0.668007  0.772216  0.831191  1.18786  0.994346  0.986998  
0.124957  0.0888853  0.0692281  0.0117238  0.00954912  0.00998915  0.0110966  0.063701  0.122884  0.197932  
-0.0297971  -0.0258855  -0.0578946  -0.125982  -0.132654  -0.131909  -0.118734  -0.0626085  -0.0680339  -0.106603  

210000
-10  -8  -6  -5  -1  0  1  2  8  9  12  13  18  
-0.328916  -0.309952  -0.331506  -0.209673  0.417231  0.560878  0.669228  0.77231  1.20156  1.18837  0.993618  0.972608  1.03454  
0.124843  0.106448  0.0883199  0.0688224  0.0115093  0.00909874  0.00939447  0.0098437  0.0595804  0.063885  0.123698  0.153133  0.254189  
-0.03009  -0.0341887  -0.0252943  -0.0581002  -0.126343  -0.133261  -0.132739  -0.1318  -0.0799468  -0.0633791  -0.0693966  -0.0845492  -0.130214  

215000
-8  -7  -6  -5  -4  -1  1  2  13  
-0.308753  -0.335768  -0.328087  -0.20586  -0.0453788  0.420061  0.670653  0.772555  0.974378  
0.105819  0.098143  0.0877742  0.0682894  0.0501217  0.0113072  0.00925245  0.00970333  0.154399  
-0.0337611  -0.0273168  -0.0257755  -0.059034  -0.0942941  -0.126702  -0.13288  -0.131726  -0.0859201  

220000
-9  -7  -6  -4  -1  0  1  2  13  15  
-0.312737  -0.334267  -0.324014  -0.0425948  0.422782  0.560651  0.672135  0.772887  0.975388  0.978874  
0.113613  0.0998235  0.0872346  0.0496668  0.0111183  0.00883322  0.00912646  0.00956852  0.154897  0.195488  
-0.0313304  -0.0270432  -0.0266695  -0.0946243  -0.127053  -0.132922  -0.133049  -0.131674  -0.0865199  -0.103387  

225000
-8  -6  -4  -1  1  2  3  14  16  
-0.305444  -0.319703  -0.0379099  0.425383  0.672228  0.773276  0.826524  0.975761  0.998822  
0.10436  0.0866925  0.049096  0.010943  0.0090122  0.00943989  0.0111658  0.176828  0.215915  
-0.0326611  -0.0277475  -0.0956683  -0.127391  -0.132959  -0.131637  -0.11795  -0.0966951  -0.114336  

230000
-8  -6  -5  -4  -1  1  2  3  7  8  9  15  
-0.303971  -0.315282  -0.188516  -0.0325311  0.427875  0.671615  0.773784  0.825514  1.16409  1.19284  1.18241  0.979462  
0.103709  0.0861406  0.0660235  0.0484537  0.0107844  0.00889926  0.00931877  0.0111874  0.0441258  0.0504795  0.0708939  0.195833  
-0.032096  -0.0289452  -0.0647336  -0.0970166  -0.127722  -0.132733  -0.131631  -0.117792  -0.0896917  -0.0763982  -0.0661697  -0.104297  

235000
-8  -6  -5  1  2  3  8  9  
-0.303597  -0.310726  -0.179468  0.67131  0.774385  0.824452  1.19218  1.17826  
0.103297  0.0855675  0.0649258  0.00878912  0.00920642  0.0112178  0.0506013  0.069134  
-0.031682  -0.0302751  -0.0681526  -0.132571  -0.131651  -0.117631  -0.0768052  -0.0651897  

240000
-10  -8  -6  -5  -4  -1  2  3  7  8  9  16  
-0.327433  -0.303697  -0.305935  -0.166839  -0.0230267  0.432681  0.775037  0.823541  1.15667  1.19249  1.17859  0.995926  
0.124794  0.10309  0.0849578  0.0637076  0.046551  0.0104454  0.00910316  0.0112427  0.0381392  0.0516468  0.0626086  0.214919  
-0.0297408  -0.0314494  -0.0317994  -0.0727949  -0.10059  -0.128436  -0.131689  -0.117497  -0.0874929  -0.0778394  -0.062537  -0.114609  

245000
-8  -7  -6  -1  1  2  7  9  10  12  
-0.303874  -0.32304  -0.300585  0.432647  0.671302  0.775728  1.15569  1.17702  1.11174  0.986719  
0.10297  0.0965644  0.0842777  0.0103473  0.0085774  0.00901098  0.0381388  0.0629083  0.0802873  0.121539  
-0.0313159  -0.0267239  -0.0337258  -0.128282  -0.132374  -0.131745  -0.0877208  -0.0635371  -0.052407  -0.0676428  

250000
-10  -8  -6  -1  1  2  3  6  7  10  11  14  
-0.32819  -0.304034  -0.294217  0.432238  0.671454  0.776469  0.821682  1.08996  1.15833  1.10612  1.04007  0.967926  
0.124569  0.102879  0.0834612  0.0102701  0.00847629  0.00893134  0.0113086  0.0261869  0.0394639  0.0786383  0.0961039  0.175989  
-0.029464  -0.0312335  -0.0368202  -0.128045  -0.132311  -0.131823  -0.117232  -0.0940062  -0.0890578  -0.0517617  -0.0527441  -0.0957785  

255000
-8  -6  -5  -4  -1  1  2  3  10  11  12  
-0.304189  -0.281415  -0.140949  0.00667493  0.432365  0.671674  0.776058  0.820827  1.10488  1.03775  0.988493  
0.102797  0.082692  0.0637297  0.0440413  0.0101662  0.00837886  0.00883483  0.0113417  0.0771239  0.0953855  0.122968  
-0.0311806  -0.0426116  -0.0782628  -0.10867  -0.127942  -0.132264  -0.131677  -0.117115  -0.0512695  -0.0531845  -0.0706365  

260000
-5  -1  1  2  9  10  11  14  
-0.139828  0.432794  0.671993  0.775713  1.16452  1.10506  1.03745  0.973101  
0.0633991  0.0100583  0.00828592  0.008741  0.0668427  0.0761307  0.0948456  0.177562  
-0.07821  -0.127907  -0.132242  -0.131545  -0.0645462  -0.0509011  -0.0534704  -0.0977472  

265000
-7  -6  -5  -4  -1  0  1  2  7  8  9  11  
-0.317787  -0.265138  -0.13933  0.0162429  0.433411  0.535583  0.67243  0.775481  1.15128  1.18374  1.16422  1.03791  
0.0949342  0.0833934  0.0630548  0.0450802  0.00995453  0.00844209  0.00819836  0.0086509  0.0404589  0.0561139  0.0649125  0.0945208  
-0.026165  -0.0460323  -0.0780199  -0.109159  -0.127916  -0.126132  -0.132248  -0.131438  -0.0883761  -0.0783319  -0.0636112  -0.0536544  

270000
-9  -7  -6  -5  -1  0  2  3  7  8  9  10  11  12  14  
-0.312408  -0.317967  -0.263377  -0.139892  0.434123  0.536252  0.775331  0.81799  1.15084  1.18615  1.16451  1.1091  1.03917  0.980416  0.963259  
0.114056  0.0948382  0.083035  0.0626813  0.00985458  0.00845774  0.00856403  0.0114873  0.0389454  0.0500633  0.0636785  0.0750863  0.0942701  0.120742  0.17515  
-0.0323005  -0.0260355  -0.0461431  -0.0775883  -0.127949  -0.126209  -0.131348  -0.11674  -0.0879245  -0.0764335  -0.0628967  -0.0504699  -0.0536901  -0.0683396  -0.096538  

275000
-9  -8  -7  -5  -2  -1  0  1  2  3  8  9  10  11  
-0.311786  -0.305129  -0.318257  -0.142662  0.313528  0.434902  0.536871  0.673446  0.77524  0.816959  1.18591  1.16724  1.11057  1.04038  
0.113652  0.102447  0.0947733  0.0625194  0.0120618  0.00975832  0.00845041  0.00803977  0.00848011  0.011552  0.0496765  0.0629073  0.0748242  0.0941003  
-0.0318611  -0.0312594  -0.0259169  -0.0761872  -0.128662  -0.128  -0.126262  -0.132304  -0.131271  -0.116608  -0.076585  -0.062596  -0.0503511  -0.0536727  

280000
-9  -8  -7  -6  -5  -1  0  1  2  3  10  11  14  
-0.311685  -0.305889  -0.318611  -0.260596  -0.145061  0.435748  0.537541  0.674008  0.775191  0.816008  1.11205  1.04156  0.966493  
0.113318  0.102407  0.0947227  0.0823076  0.062319  0.0096656  0.0084336  0.00797038  0.00839924  0.0116118  0.0746309  0.0939567  0.176016  
-0.0314708  -0.0315358  -0.0258067  -0.0462183  -0.0750627  -0.128069  -0.126322  -0.132353  -0.131204  -0.116488  -0.0502655  -0.0536162  -0.0972886  

285000
-10  -9  -8  -6  -5  -1  0  1  2  3  9  10  11  12  17  
-0.329115  -0.312  -0.306343  -0.259707  -0.145581  0.436742  0.538198  0.674613  0.775177  0.815138  1.17126  1.11332  1.04257  0.980744  1.01685  
0.124194  0.113088  0.105105  0.0819247  0.0621282  0.00957631  0.00840384  0.00790831  0.00832143  0.0116666  0.0621921  0.0744763  0.093828  0.12196  0.235107  
-0.0292542  -0.0311841  -0.033241  -0.0461538  -0.0745382  -0.128176  -0.126379  -0.132419  -0.131145  -0.116379  -0.0624119  -0.0502033  -0.0535488  -0.0704448  -0.123857  

290000
-10  -6  -5  -1  0  1  2  9  10  11  12  
-0.329185  -0.259388  -0.144626  0.43781  0.538919  0.674565  0.775209  1.17262  1.11439  1.04342  0.981513  
0.124136  0.0815653  0.0618941  0.00949148  0.00837702  0.00784024  0.00824692  0.0619912  0.0743437  0.093708  0.12223  
-0.0292449  -0.0458353  -0.0745542  -0.128304  -0.126448  -0.132357  -0.131097  -0.0623902  -0.0501581  -0.0534807  -0.0707931  

295000
-10  -6  -5  -1  0  1  2  7  9  11  14  
-0.329247  -0.259614  -0.142933  0.438908  0.539575  0.674215  0.775301  1.14984  1.17376  1.04415  0.969168  
0.124075  0.0812454  0.0616362  0.00941158  0.00834086  0.00776808  0.00817611  0.0385127  0.0618367  0.0935927  0.176878  
-0.0292408  -0.0452504  -0.0748434  -0.128442  -0.126503  -0.132236  -0.131063  -0.0885433  -0.0623946  -0.0534151  -0.0978775  

300000
-6  -5  -1  1  2  3  8  9  12  
-0.260101  -0.140849  0.440027  0.673964  0.775418  0.812816  1.1752  1.17472  0.982682  
0.0809234  0.061361  0.00933674  0.00769867  0.00810854  0.0118183  0.0550463  0.0617096  0.122685  
-0.0446481  -0.0752919  -0.128591  -0.132136  -0.131036  -0.116092  -0.0784625  -0.0624142  -0.0712902  

305000
-8  -7  -5  -1  0  1  2  3  8  9  11  14  
-0.305656  -0.321792  -0.138582  0.441148  0.541048  0.673789  0.77555  0.81212  1.17335  1.17554  1.04532  0.970109  
0.104342  0.0945601  0.0610782  0.00926786  0.00827689  0.00763167  0.00804482  0.011865  0.0532635  0.0615998  0.0933649  0.177131  
-0.0325908  -0.0253531  -0.0758167  -0.128745  -0.126653  -0.132052  -0.131015  -0.116006  -0.0776445  -0.062444  -0.0532921  -0.0980153  

310000
-8  -7  -6  -5  -1  0  1  2  3  6  8  9  10  13  14  
-0.305682  -0.323717  -0.26005  -0.136197  0.4411  0.541763  0.673669  0.775699  0.811451  1.07529  1.17531  1.17624  1.11718  0.967525  0.970408  
0.104113  0.0946298  0.0803884  0.0607874  0.00920369  0.00824535  0.00756699  0.00798466  0.0119085  0.0288746  0.0515988  0.0615015  0.0739066  0.15374  0.177209  
-0.0324137  -0.0252936  -0.043812  -0.0764013  -0.128665  -0.126728  -0.131981  -0.130999  -0.115922  -0.0958373  -0.0771795  -0.0624809  -0.0500802  -0.0875169  -0.0980568  

315000
-8  -5  -1  0  1  2  7  8  9  10  11  12  
-0.305639  -0.133745  0.440597  0.542508  0.67359  0.775862  1.15113  1.17704  1.17685  1.11763  1.04625  0.984216  
0.103852  0.0604901  0.00914381  0.0082196  0.00750453  0.00792825  0.0448558  0.0506344  0.0614112  0.0738072  0.093136  0.122901  
-0.0322216  -0.077027  -0.12849  -0.126811  -0.131919  -0.130989  -0.0905081  -0.0768719  -0.0625234  -0.0500794  -0.0531824  -0.0715159  

320000
-9  -8  -7  -6  -5  -2  -1  0  1  2  3  6  7  8  9  12  13  
-0.313679  -0.305352  -0.331402  -0.25798  -0.131246  0.323002  0.440314  0.543218  0.67355  0.776041  0.810201  1.06973  1.14972  1.17892  1.17736  0.984621  0.968749  
0.112645  0.103575  0.0980646  0.0798966  0.0601864  0.0111639  0.0090891  0.00819256  0.00744416  0.00787578  0.0119937  0.0270495  0.0442563  0.0500567  0.0613266  0.122898  0.153985  
-0.0306901  -0.0319855  -0.0249167  -0.0438581  -0.0776863  -0.129794  -0.128358  -0.126891  -0.131867  -0.130985  -0.115767  -0.0948006  -0.0901873  -0.0767588  -0.0625709  -0.0715242  -0.0876238  

325000
-7  -5  -1  0  1  2  3  7  8  13  
-0.330993  -0.128717  0.440187  0.543933  0.673552  0.776238  0.809598  1.1482  1.18049  0.969178  
0.0979123  0.0598765  0.00903919  0.00816872  0.00738607  0.00782751  0.0120341  0.0434705  0.0496927  0.154044  
-0.0248398  -0.078373  -0.128256  -0.126978  -0.131824  -0.130988  -0.115691  -0.0898078  -0.0767265  -0.0876435  

330000
-6  -5  -1  0  2  6  7  8  9  10  18  
-0.254828  -0.126148  0.440172  0.544151  0.776461  1.0693  1.14645  1.18169  1.17818  1.11855  1.0348  
0.0794151  0.0595584  0.00899324  0.00814873  0.00778382  0.0270813  0.0421136  0.0494371  0.0611699  0.0735175  0.253282  
-0.0445183  -0.0790909  -0.128178  -0.126963  -0.131001  -0.0951407  -0.0892639  -0.0767184  -0.0626795  -0.0501147  -0.130996  

335000
-6  -5  -2  -1  0  1  2  3  8  9  11  18  
-0.253093  -0.123552  0.324718  0.440232  0.544047  0.67369  0.776671  0.808448  1.18273  1.1785  1.04759  1.03458  
0.0791787  0.0592318  0.0109044  0.00894852  0.00812193  0.00727723  0.0077432  0.0121142  0.0492432  0.0610966  0.0926453  0.253065  
-0.0449378  -0.0798337  -0.129969  -0.128118  -0.126883  -0.131769  -0.131017  -0.115545  -0.0767312  -0.0627409  -0.0529911  -0.130856  

340000
-6  -5  -1  0  1  2  3  7  8  9  10  12  14  
-0.251318  -0.120883  0.440311  0.544008  0.673788  0.776472  0.807898  1.14692  1.18361  1.17876  1.11885  0.985803  0.971266  
0.0789454  0.0588926  0.00889397  0.0080965  0.0072264  0.00768364  0.0121519  0.038221  0.0490898  0.0610266  0.0733299  0.122657  0.177263  
-0.045385  -0.0806215  -0.128072  -0.126817  -0.131751  -0.130948  -0.115475  -0.0882568  -0.0767594  -0.0628075  -0.0501701  -0.0714118  -0.098077  

345000
-7  -6  -5  -1  0  1  3  7  8  9  12  13  
-0.329855  -0.249529  -0.118123  0.440472  0.544038  0.673903  0.807369  1.1473  1.18437  1.17896  0.986016  0.970185  
0.0972693  0.0787149  0.0585361  0.00884057  0.00807467  0.0071778  0.0121891  0.0378056  0.0489627  0.0609601  0.12255  0.154084  
-0.0245089  -0.0458481  -0.0814643  -0.128046  -0.126764  -0.131737  -0.115406  -0.0882328  -0.0767954  -0.0628799  -0.0713573  -0.087649  

350000
-9  -8  -5  -1  0  1  2  7  8  9  11  17  
-0.314263  -0.304749  -0.115249  0.440733  0.544033  0.674031  0.77619  1.14741  1.185  1.17912  1.04829  1.01572  
0.112366  0.102221  0.0581598  0.00878978  0.00804565  0.00713148  0.0075716  0.0375895  0.0488531  0.0608975  0.092234  0.233798  
-0.0305833  -0.030579  -0.0823687  -0.128042  -0.126707  -0.131727  -0.130836  -0.0882751  -0.0768354  -0.062959  -0.0528625  -0.123342  

355000
-8  -7  -6  -5  -2  -1  0  2  7  8  9  10  12  18  
-0.305096  -0.329602  -0.245957  -0.112231  0.328059  0.441037  0.544079  0.776091  1.14734  1.18553  1.17924  1.11888  0.986379  1.03312  
0.102148  0.0968985  0.0782607  0.0577616  0.0105932  0.00874122  0.00801988  0.00751863  0.0374762  0.0487561  0.0608394  0.0730637  0.122285  0.252098  
-0.0304807  -0.0243355  -0.0467998  -0.0833391  -0.130435  -0.128049  -0.126661  -0.13079  -0.0883608  -0.0768782  -0.0630459  -0.050308  -0.071221  -0.129769  

360000
-7  -5  -1  0  1  3  6  8  9  13  
-0.329503  -0.108938  0.44137  0.544169  0.674321  0.805915  1.06908  1.18599  1.17932  0.970546  
0.0966856  0.0573244  0.00869472  0.00799757  0.00704582  0.0122914  0.0276561  0.0486683  0.0607873  0.153984  
-0.0242424  -0.0844397  -0.128064  -0.126623  -0.131721  -0.115209  -0.0956818  -0.0769235  -0.0631423  -0.0876095  

365000
-10  -6  -5  -1  0  2  6  8  9  12  17  
-0.326781  -0.242436  -0.105342  0.441725  0.54423  0.775953  1.0687  1.18637  1.17938  0.986668  1.01509  
0.125616  0.0778134  0.0568517  0.00865048  0.00796947  0.00741795  0.0274444  0.0485879  0.0607422  0.121943  0.23303  
-0.0307054  -0.0477684  -0.0856625  -0.128085  -0.126583  -0.130712  -0.0956323  -0.0769708  -0.0632494  -0.0710432  -0.12281  

370000
-7  -6  -5  -1  0  1  3  8  9  16  
-0.327876  -0.240697  -0.101328  0.4421  0.544325  0.674654  0.805083  1.1867  1.17941  0.99766  
0.0961588  0.0775912  0.0563339  0.00860828  0.00794211  0.00696991  0.0123506  0.0485133  0.0607056  0.214717  
-0.0243068  -0.0482579  -0.0870448  -0.128114  -0.126552  -0.131731  -0.115085  -0.0770201  -0.0633685  -0.115345  

375000
-1  0  1  2  3  8  9  16  
0.442492  0.544466  0.674837  0.775878  0.804741  1.18697  1.17942  0.997477  
0.0085681  0.00791787  0.00693631  0.00732442  0.0123744  0.0484437  0.0606798  0.214516  
-0.128148  -0.12653  -0.131744  -0.130649  -0.115028  -0.0770714  -0.0635021  -0.115248  

380000
-7  -6  -5  -2  -1  0  1  2  8  9  10  11  16  17  
-0.325868  -0.237258  -0.0935101  0.332711  0.442898  0.544622  0.675044  0.775864  1.18719  1.17933  1.11898  1.04918  0.997255  1.01341  
0.0955928  0.0771478  0.0553513  0.0102597  0.00852993  0.00789617  0.00690557  0.00728077  0.0483786  0.0606602  0.0727802  0.0912734  0.214289  0.232409  
-0.0243942  -0.0492492  -0.0899121  -0.131163  -0.128187  -0.126512  -0.131765  -0.130623  -0.0771247  -0.0636353  -0.0507382  -0.052583  -0.115134  -0.12223  

385000
-9  -6  -1  0  1  2  3  8  9  10  13  14  16  17  
-0.314775  -0.235548  0.443319  0.544764  0.674884  0.775859  0.8046  1.18736  1.17914  1.11903  0.970785  0.971279  0.996999  1.01244  
0.111964  0.0769248  0.008494  0.00787197  0.00686039  0.00723867  0.0123694  0.0483176  0.0606497  0.0727766  0.15363  0.176741  0.214022  0.232569  
-0.0307695  -0.0497563  -0.128233  -0.126494  -0.131707  -0.1306  -0.11499  -0.0771801  -0.0637707  -0.0508635  -0.0874857  -0.0978946  -0.114988  -0.1222  

390000
-7  -6  -1  0  1  2  3  7  8  9  15  
-0.32391  -0.233836  0.443753  0.544897  0.674654  0.775859  0.804782  1.14761  1.18748  1.17891  0.98166  
0.0950655  0.0766999  0.00846033  0.00784629  0.00681377  0.00719807  0.0123407  0.0403  0.0482603  0.0606552  0.195893  
-0.0244082  -0.0502753  -0.128284  -0.126476  -0.131632  -0.130578  -0.115013  -0.0906202  -0.0772377  -0.0639187  -0.106879  

395000
-7  -6  -1  0  1  2  3  8  9  15  
-0.323061  -0.23241  0.443636  0.545047  0.674406  0.775865  0.804974  1.18757  1.17865  0.981496  
0.0948204  0.0764925  0.00843855  0.00782289  0.00676797  0.00715893  0.0123114  0.048207  0.0606797  0.19572  
-0.0244639  -0.0507265  -0.128209  -0.126463  -0.13155  -0.130558  -0.115038  -0.0772978  -0.064081  -0.106808  

400000
-7  -5  -4  -1  0  1  2  3  7  8  9  13  15  16  
-0.322248  -0.0757812  0.0690656  0.443402  0.545207  0.674148  0.775874  0.805174  1.14408  1.18761  1.1784  0.970736  0.981309  0.995703  
0.0945913  0.0561774  0.0375051  0.00841095  0.0078017  0.00672333  0.00712123  0.0122814  0.0430784  0.0481578  0.060729  0.153289  0.195518  0.213084  
-0.0245747  -0.0925653  -0.119907  -0.128116  -0.126452  -0.131463  -0.130539  -0.115064  -0.090359  -0.0773611  -0.0642627  -0.0873702  -0.10672  -0.114416  

405000
-7  -6  -4  -2  -1  0  1  2  3  6  7  9  12  
-0.321409  -0.229924  0.0683454  0.332572  0.443195  0.545381  0.673888  0.775885  0.805386  1.07987  1.14265  1.17827  0.987816  
0.094381  0.0760908  0.0372565  0.010021  0.00837826  0.00778298  0.00668057  0.00708495  0.0122506  0.0324951  0.0423306  0.0608166  0.119227  
-0.0247481  -0.0515914  -0.119917  -0.131068  -0.128035  -0.126444  -0.131372  -0.130521  -0.115091  -0.0989836  -0.0899827  -0.064482  -0.0693698  

410000
-10  -6  -2  -1  0  2  7  15  
-0.326451  -0.228481  0.332507  0.443047  0.54556  0.775899  1.14157  0.980822  
0.125219  0.0758672  0.00998159  0.00834997  0.00776563  0.0070501  0.041389  0.195029  
-0.0301782  -0.05213  -0.131043  -0.127964  -0.126438  -0.130504  -0.0896029  -0.106498  

415000
-6  -4  -1  0  1  2  6  
-0.226888  0.0666656  0.442966  0.545707  0.673395  0.775913  1.07773  
0.0756252  0.0370641  0.00832926  0.00774401  0.0066042  0.00701665  0.0317077  
-0.0527599  -0.119688  -0.127901  -0.126431  -0.13119  -0.130488  -0.0985196  

420000
-6  -4  -2  -1  0  1  2  6  7  8  
-0.225083  0.0663286  0.3326  0.442924  0.54586  0.673144  0.775927  1.07626  1.14203  1.18748  
0.0753574  0.036995  0.00990955  0.00831128  0.00772492  0.00657033  0.00698459  0.0311325  0.0393302  0.0480062  
-0.0535263  -0.119651  -0.131031  -0.127847  -0.126427  -0.131095  -0.130472  -0.0981986  -0.0891056  -0.0776516  

425000
-6  -5  -4  -2  0  1  2  6  7  8  
-0.22303  -0.0734294  0.0663913  0.33277  0.546023  0.672887  0.77594  1.07427  1.14271  1.18737  
0.0750623  0.0557144  0.0369093  0.00987546  0.00770798  0.00654013  0.00695402  0.0302847  0.0385947  0.0479793  
-0.0544027  -0.0926864  -0.119699  -0.131046  -0.126425  -0.130996  -0.130457  -0.0977563  -0.0889397  -0.0777304  

430000
-6  -4  -2  -1  0  2  7  9  12  15  
-0.220649  0.0667738  0.333  0.4431  0.546203  0.775948  1.14377  1.17685  0.989516  0.978918  
0.0747425  0.0368093  0.00984276  0.00831359  0.00769348  0.00692521  0.0380537  0.0617707  0.116127  0.193766  
-0.0554125  -0.119812  -0.131073  -0.127769  -0.126429  -0.130442  -0.0888703  -0.0654611  -0.0665871  -0.105869  

435000
-7  -6  -5  -4  -2  0  1  2  3  6  7  9  
-0.315419  -0.217853  -0.072655  0.0673908  0.333263  0.546329  0.672338  0.775956  0.806754  1.07109  1.14484  1.17565  
0.0933585  0.0744123  0.0555222  0.0366971  0.00981199  0.00767892  0.00649461  0.00689787  0.0120606  0.0285001  0.0376862  0.0620653  
-0.0264294  -0.0565713  -0.0927349  -0.119973  -0.131106  -0.126422  -0.130791  -0.130428  -0.115271  -0.0969622  -0.0888659  -0.0655096  

440000
-8  -1  0  1  2  3  7  
-0.30781  0.443572  0.546245  0.672045  0.775963  0.806977  1.14571  
0.101512  0.00836536  0.00765841  0.00648207  0.00687202  0.0120301  0.037429  
-0.0299264  -0.127741  -0.12637  -0.130687  -0.130414  -0.115301  -0.0888806  

445000
-7  -5  -1  0  1  7  8  
-0.313322  -0.0720309  0.443744  0.546146  0.671686  1.14641  1.18692  
0.0930592  0.0553238  0.00837499  0.00763321  0.00645168  0.0372366  0.0479521  
-0.0270327  -0.0927719  -0.127732  -0.12632  -0.130578  -0.0889037  -0.0781311  

450000
-5  -1  0  1  2  13  
-0.0717971  0.443848  0.546056  0.671283  0.775994  0.968291  
0.0552221  0.00836519  0.00760785  0.00641401  0.00682484  0.150543  
-0.0927817  -0.127721  -0.126273  -0.13046  -0.130394  -0.0863832  

455000
-6  -4  -1  0  1  3  7  8  13  
-0.204565  0.0712158  0.443909  0.545984  0.670875  0.807633  1.1475  1.18671  0.967403  
0.0740709  0.0361562  0.00834148  0.00758385  0.00638213  0.0119403  0.0369599  0.0480018  0.149889  
-0.0604062  -0.120912  -0.127707  -0.126229  -0.13034  -0.115392  -0.088962  -0.0783874  -0.0861289  

460000
-10  -1  0  1  2  13  
-0.326449  0.443979  0.545927  0.670461  0.776068  0.966267  
0.124879  0.00831852  0.00756124  0.00635563  0.00677988  0.149313  
-0.0297106  -0.127695  -0.126189  -0.130217  -0.13039  -0.0859294  

465000
-4  -1  0  1  2  3  6  7  
0.073621  0.444057  0.545888  0.670024  0.776052  0.808068  1.06975  1.14832  
0.0358374  0.00829587  0.00754045  0.00633479  0.00674507  0.0118814  0.0270341  0.0367623  
-0.121503  -0.127686  -0.126152  -0.130087  -0.130377  -0.115453  -0.0965808  -0.0890286  

470000
-5  -4  -2  -1  0  1  2  3  6  7  8  10  
-0.0715773  0.0748897  0.335751  0.444139  0.545866  0.669546  0.776043  0.80828  1.06976  1.14866  1.18635  1.09165  
0.0547705  0.0356665  0.00966782  0.00827319  0.00752157  0.00632033  0.00671128  0.0118525  0.026962  0.0366808  0.0481753  0.07876  
-0.0927542  -0.121818  -0.131458  -0.127678  -0.126118  -0.129946  -0.130366  -0.115484  -0.0966198  -0.0890637  -0.0788225  -0.0514156  

475000
-7  -4  -1  0  1  2  3  7  10  11  
-0.307286  0.076199  0.444223  0.545854  0.668998  0.776042  0.808484  1.14896  1.09104  1.02374  
0.0922232  0.0354868  0.00825016  0.00750376  0.00631394  0.00667844  0.0118228  0.0366069  0.0786707  0.0962617  
-0.0287671  -0.122147  -0.127672  -0.126086  -0.12979  -0.130356  -0.115522  -0.0890984  -0.0513614  -0.0533613  

480000
0  2  7  
0.545834  0.776045  1.14922  
0.00748367  0.00664652  0.0365393  
-0.126055  -0.130348  -0.0891336  

485000
-4  -2  -1  0  1  2  3  6  7  10  13  
0.0789457  0.337125  0.444404  0.545808  0.668021  0.776053  0.808885  1.0698  1.14946  1.08993  0.957536  
0.0350965  0.00967819  0.00820822  0.00746211  0.00629573  0.0066155  0.0117651  0.0268723  0.0364774  0.0785005  0.148318  
-0.122845  -0.131666  -0.127666  -0.126025  -0.129521  -0.130341  -0.115597  -0.096826  -0.0891702  -0.0512595  -0.0856178  

490000
0  1  2  3  7  8  10  
0.545787  0.667739  0.776063  0.809078  1.14968  1.18538  1.08942  
0.00744132  0.0062702  0.00658538  0.0117372  0.0364205  0.0486338  0.0784192  
-0.125997  -0.129441  -0.130334  -0.115633  -0.0892083  -0.0793851  -0.0512114  

495000
-7  -5  -4  -2  0  1  2  3  6  7  11  
-0.303536  -0.0747394  0.0819132  0.337173  0.54577  0.667413  0.776075  0.809266  1.06986  1.14989  1.02162  
0.0917002  0.0543072  0.0346459  0.00963335  0.00742134  0.00625038  0.0065562  0.0117102  0.0269323  0.0363675  0.096194  
-0.029856  -0.0918758  -0.123617  -0.131652  -0.125969  -0.12935  -0.130328  -0.115667  -0.0970521  -0.0892477  -0.0535753  

500000
-5  0  1  2  3  7  10  
-0.0755611  0.545759  0.667023  0.776087  0.809451  1.15007  1.08849  
0.0542195  0.00740237  0.00623628  0.00652806  0.0116835  0.0363181  0.0782638  
-0.0916907  -0.125942  -0.129244  -0.130322  -0.115701  -0.0892881  -0.0511204  

505000
-4  -2  0  1  2  7  8  9  10  15  
0.085223  0.336186  0.545755  0.666555  0.776099  1.15024  1.18376  1.15325  1.08807  0.970562  
0.0340968  0.00938676  0.00738473  0.00622838  0.00650096  0.0362721  0.0491768  0.0665774  0.0781891  0.195963  
-0.124505  -0.13148  -0.125917  -0.12912  -0.130316  -0.0893299  -0.0795544  -0.0638746  -0.0510771  -0.10641  

510000
-10  -4  -2  -1  0  1  2  7  9  
-0.326598  0.0871082  0.335811  0.444851  0.545754  0.665988  0.776109  1.15039  1.15291  
0.124607  0.0337546  0.00929334  0.00810851  0.00736804  0.0062277  0.00647463  0.0362291  0.0664833  
-0.0293067  -0.125023  -0.131417  -0.127667  -0.125892  -0.128972  -0.13031  -0.0893727  -0.063784  

515000
-4  -1  0  1  2  6  
0.0893249  0.44471  0.545758  0.665298  0.776119  1.07234  
0.0333156  0.00808214  0.00735235  0.00623554  0.00644902  0.0278673  
-0.125647  -0.127623  -0.125869  -0.128799  -0.130303  -0.0982256  

520000
-4  0  1  9  10  
0.0919641  0.545764  0.66475  1.15231  1.08695  
0.0327357  0.0073375  0.00623785  0.0663017  0.0779768  
-0.126384  -0.125846  -0.128663  -0.0636109  -0.0509558  

525000
0  1  2  9  11  
0.54577  0.664662  0.776133  1.15204  1.01912  
0.00732321  0.00621647  0.00639994  0.0662141  0.0961067  
-0.125823  -0.128637  -0.130289  -0.0635282  -0.0538501  

530000
-8  -5  -1  0  1  2  11  12  
-0.305664  -0.0758324  0.444374  0.545771  0.664541  0.776137  1.01877  0.965421  
0.103009  0.0537685  0.00800689  0.0073092  0.00619844  0.00637644  0.0960926  0.121517  
-0.030567  -0.0916458  -0.127511  -0.125801  -0.128602  -0.130282  -0.0538902  -0.0689616  

535000
-10  -9  -5  -1  0  1  2  
-0.326714  -0.311934  -0.0754393  0.444288  0.545753  0.66439  0.776138  
0.124493  0.113229  0.0536889  0.0079833  0.00729252  0.00618325  0.00635363  
-0.0291217  -0.0308397  -0.0917493  -0.127479  -0.125777  -0.128562  -0.130274  

540000
-7  -2  -1  0  1  2  3  9  11  
-0.295799  0.334746  0.444212  0.545733  0.664214  0.776138  0.81088  1.15135  1.01814  
0.0905765  0.0090008  0.00796036  0.00727621  0.00617042  0.0063315  0.0114817  0.0659633  0.0960644  
-0.0321735  -0.131344  -0.12745  -0.125753  -0.128515  -0.130265  -0.115963  -0.0632948  -0.0539645  

545000
-10  -7  -5  -4  -2  -1  0  1  2  3  7  
-0.326777  -0.294981  -0.074485  0.103607  0.334736  0.444146  0.545712  0.664021  0.776135  0.811053  1.15162  
0.124452  0.090453  0.0535234  0.0320985  0.00898305  0.00793809  0.00726074  0.00615951  0.00631005  0.0114576  0.0360751  
-0.0290537  -0.0324296  -0.0920052  -0.128056  -0.131355  -0.127422  -0.125729  -0.128466  -0.130256  -0.115994  -0.0895451  

550000
-7  -5  -4  -1  0  1  3  6  7  9  11  
-0.294168  -0.073951  0.104552  0.44409  0.545692  0.663821  0.811225  1.07413  1.15172  1.15096  1.01757  
0.0903291  0.0534388  0.0323914  0.00791655  0.00724618  0.00614996  0.0114339  0.0299423  0.0360436  0.0658055  0.0960365  
-0.0326878  -0.0921497  -0.127986  -0.127397  -0.125706  -0.128415  -0.116026  -0.0985817  -0.089583  -0.0631508  -0.0540323  

555000
-1  0  1  3  12  
0.444042  0.54567  0.663626  0.811394  0.964069  
0.0078956  0.00723229  0.00614114  0.0114105  0.12187  
-0.127373  -0.125683  -0.128366  -0.116057  -0.0695559  

560000
-9  -7  -5  -4  -2  -1  0  2  3  7  10  
-0.312104  -0.29255  -0.0728064  0.106455  0.334853  0.443999  0.545646  0.776103  0.811563  1.15188  1.08482  
0.113131  0.0900797  0.0532669  0.0329719  0.0089504  0.00787517  0.00721913  0.00625038  0.0113873  0.0359826  0.0774822  
-0.0306543  -0.0332156  -0.0924612  -0.127862  -0.1314  -0.127351  -0.12566  -0.130226  -0.116087  -0.0896651  -0.0506808  

565000
-9  -5  -1  0  3  6  7  9  
-0.312145  -0.0722063  0.443959  0.545623  0.811729  1.07244  1.15194  1.15049  
0.113113  0.05318  0.00785522  0.00720681  0.0113645  0.0284537  0.0359543  0.0655821  
-0.0306183  -0.0926254  -0.127329  -0.125637  -0.116118  -0.0980657  -0.0897084  -0.0629511  

570000
-5  -1  0  1  2  3  6  9  11  
-0.0715868  0.443923  0.545603  0.626988  0.776062  0.811894  1.07236  1.15035  1.01663  
0.0530917  0.00783574  0.00719545  0.006686  0.00621417  0.0113419  0.0280768  0.0655109  0.0959788  
-0.0927956  -0.127308  -0.125616  -0.119644  -0.130202  -0.116148  -0.0979812  -0.0628888  -0.0541479  

575000
-6  -5  -1  0  1  2  3  6  7  
-0.184459  -0.0709574  0.443891  0.545587  0.629169  0.776035  0.812057  1.07235  1.15203  
0.0729382  0.053003  0.00781671  0.00718488  0.00682256  0.00619708  0.0113196  0.027766  0.0359033  
-0.063481  -0.0929693  -0.127288  -0.125596  -0.120126  -0.130189  -0.116178  -0.0979113  -0.0897984  

580000
-10  -8  -1  1  3  6  10  15  
-0.326965  -0.30593  0.44386  0.630062  0.812213  1.07228  1.08413  0.970934  
0.124321  0.102844  0.0077981  0.0068816  0.0112981  0.027496  0.0772665  0.196447  
-0.0288025  -0.0301121  -0.127269  -0.120309  -0.116207  -0.09783  -0.0505634  -0.106683  

585000
-5  -2  -1  0  1  8  
-0.069666  0.335613  0.443833  0.54558  0.630681  1.16928  
0.0528232  0.00901397  0.00777988  0.00716597  0.00692631  0.0535801  
-0.0933283  -0.131522  -0.127251  -0.125564  -0.120428  -0.0778641  

590000
-9  -6  -5  -1  0  1  3  7  8  11  
-0.31233  -0.183106  -0.0690052  0.443807  0.545554  0.631172  0.81252  1.15208  1.16915  1.01593  
0.113025  0.0726853  0.052732  0.00776203  0.00714917  0.00696538  0.011256  0.035842  0.0535133  0.0959174  
-0.0304467  -0.0637849  -0.0935133  -0.127233  -0.125544  -0.120517  -0.116264  -0.0899417  -0.0778104  -0.0542354  

595000
-1  0  1  2  3  6  8  
0.443783  0.545526  0.631499  0.775878  0.812671  1.07253  1.16902  
0.00774455  0.00713158  0.00699465  0.00613543  0.0112353  0.0269389  0.0534478  
-0.127216  -0.125524  -0.120571  -0.130128  -0.116292  -0.0977194  -0.0777586  

600000
-7  -5  -1  1  3  6  
-0.285777  -0.0676405  0.44376  0.631801  0.812821  1.07268  
0.0890141  0.0525457  0.0077275  0.00702529  0.0112148  0.0268096  
-0.0359279  -0.0938988  -0.127199  -0.120617  -0.11632  -0.09771  

605000
-5  -4  -1  0  1  6  9  10  
-0.0669431  0.11166  0.443736  0.545483  0.632038  1.07285  1.14972  1.08356  
0.0524506  0.032752  0.00771088  0.0070979  0.00705386  0.0266988  0.0650552  0.0770198  
-0.0940976  -0.128595  -0.127183  -0.125488  -0.120648  -0.0977089  -0.0625056  -0.0504298  

610000
-8  -6  -1  0  1  6  8  
-0.306184  -0.18146  0.443714  0.545467  0.632215  1.07302  1.16871  
0.102761  0.072352  0.00769461  0.00708202  0.00708126  0.0266026  0.0532586  
-0.0298659  -0.0641774  -0.127167  -0.125472  -0.120667  -0.0977142  -0.0776133  

615000
-5  -4  -1  0  1  10  
-0.0655288  0.11267  0.443691  0.545451  0.632371  1.08341  
0.0522574  0.0325731  0.00767866  0.0070664  0.00711077  0.0769273  
-0.0945047  -0.128828  -0.127151  -0.125456  -0.120679  -0.0503797  

620000
-8  -4  -1  0  1  6  10  
-0.306274  0.11317  0.443669  0.545435  0.632453  1.07336  1.08335  
0.102735  0.0324823  0.00766307  0.00705095  0.00713633  0.0264428  0.0768823  
-0.0297877  -0.128947  -0.127135  -0.12544  -0.120676  -0.0977386  -0.0503554  

625000
-10  -4  -1  0  1  2  3  6  
-0.327339  0.113668  0.443646  0.545408  0.632519  0.775584  0.813551  1.07353  
0.124187  0.0323904  0.00764791  0.00703398  0.00716397  0.00606334  0.011116  0.0263751  
-0.0285311  -0.129067  -0.12712  -0.125423  -0.120669  -0.130035  -0.116457  -0.0977558  

630000
-1  0  1  3  6  8  9  
0.443622  0.54538  0.63253  0.813695  1.0737  1.16843  1.14955  
0.00763313  0.00701703  0.00718817  0.0110966  0.0263136  0.0530224  0.0647706  
-0.127105  -0.125406  -0.120651  -0.116485  -0.0977754  -0.0774423  -0.0622834  

635000
-4  -2  -1  0  1  3  6  8  10  11  
0.114645  0.334622  0.443597  0.545353  0.632509  0.813838  1.07387  1.16838  1.08327  1.01528  
0.0322023  0.00853429  0.00761872  0.00700051  0.00721061  0.0110774  0.0262573  0.0529661  0.0767522  0.0957525  
-0.129312  -0.131491  -0.12709  -0.12539  -0.120628  -0.116512  -0.0977971  -0.077403  -0.050284  -0.0543211  

640000
-1  0  1  3  7  8  10  11  13  
0.443572  0.545326  0.63251  0.81398  1.15159  1.16833  1.08327  1.01525  0.950019  
0.00760482  0.0069844  0.0072356  0.0110585  0.0357999  0.0529107  0.0767103  0.0957335  0.153453  
-0.127074  -0.125373  -0.120608  -0.116538  -0.0904897  -0.0773653  -0.0502608  -0.0543249  -0.0876548  

645000
-5  -4  -1  0  1  3  6  7  
-0.0610627  0.115585  0.443545  0.545299  0.632586  0.814121  1.07418  1.1515  
0.0516391  0.0320067  0.00759144  0.0069687  0.00724449  0.0110397  0.026157  0.0358132  
-0.0958289  -0.129562  -0.127059  -0.125357  -0.12061  -0.116565  -0.0978452  -0.090553  

650000
-5  -4  -1  0  1  3  9  11  12  
-0.0602743  0.116035  0.443518  0.545274  0.632751  0.81426  1.14955  1.01522  0.961756  
0.0515283  0.0319052  0.00757852  0.0069534  0.00725265  0.0110212  0.0645638  0.0956949  0.122792  
-0.0960696  -0.129689  -0.127044  -0.125341  -0.120629  -0.116592  -0.0621322  -0.0543301  -0.0710009  

655000
-5  -2  -1  0  1  3  6  8  12  
-0.0594628  0.33433  0.443489  0.545248  0.632913  0.814398  1.07447  1.16826  0.961701  
0.0514139  0.0085256  0.00756599  0.0069385  0.00726296  0.0110029  0.0260695  0.0527507  0.122829  
-0.0963197  -0.131518  -0.127029  -0.125325  -0.120646  -0.116618  -0.0978982  -0.0772609  -0.0710551  

660000
-10  -6  -1  0  1  3  6  9  
-0.327696  -0.178495  0.443459  0.545224  0.633005  0.814535  1.07461  1.14959  
0.124102  0.071512  0.00755386  0.00692397  0.00726524  0.0109847  0.0260295  0.0644667  
-0.0283513  -0.0649954  -0.127015  -0.12531  -0.120654  -0.116644  -0.0979262  -0.0620646  

665000
-9  -1  0  1  6  8  11  
-0.312867  0.443431  0.545199  0.633097  1.07475  1.16827  1.0152  
0.112796  0.00754211  0.00690983  0.00726973  0.0259916  0.0526492  0.0956366  
-0.0299548  -0.127  -0.125294  -0.12066  -0.0979551  -0.0772003  -0.0543324  

670000
-1  0  1  2  3  8  9  15  
0.443404  0.545175  0.633205  0.776025  0.814806  1.16829  1.14966  0.971367  
0.00753074  0.00689607  0.00727907  0.00589633  0.0109491  0.0525999  0.0643736  0.196755  
-0.126987  -0.125279  -0.120667  -0.130105  -0.116696  -0.0771724  -0.062002  -0.106794  

675000
-6  0  1  6  
-0.178223  0.545149  0.63327  1.075  
0.0712872  0.00688278  0.00728458  0.0259214  
-0.0650347  -0.125263  -0.120668  -0.0980149  

680000
-1  0  1  3  6  
0.443363  0.545123  0.633298  0.815072  1.07512  
0.00750826  0.00686984  0.00728689  0.0109141  0.0258887  
-0.126965  -0.125247  -0.120663  -0.116747  -0.098046  

685000
-5  0  1  3  6  9  
-0.0541851  0.545097  0.633323  0.815202  1.07524  1.1498  
0.0506634  0.00685727  0.00729146  0.010897  0.0258573  0.0642407  
-0.0979739  -0.125232  -0.120656  -0.116772  -0.0980776  -0.0619166  

690000
-9  -7  -1  0  1  2  6  11  
-0.313029  -0.267064  0.443294  0.545071  0.633356  0.737314  1.07535  1.01527  
0.112733  0.0891197  0.00747386  0.00684506  0.00730012  0.00599842  0.0258272  0.0955385  
-0.0297926  -0.0400699  -0.126939  -0.125216  -0.120649  -0.12073  -0.0981098  -0.0543254  

695000
-9  -1  0  1  2  6  
-0.313057  0.443264  0.545043  0.633363  0.739827  1.07545  
0.112722  0.00745719  0.00683314  0.00730843  0.00618682  0.0257984  
-0.0297623  -0.126928  -0.125201  -0.120638  -0.121334  -0.0981426  

700000
-1  0  1  2  6  10  
0.443236  0.545015  0.633313  0.741659  1.07556  1.08406  
0.00744086  0.00682157  0.00731242  0.00628841  0.0257708  0.0762563  
-0.126916  -0.125185  -0.120618  -0.121752  -0.0981761  -0.0500021  

705000
-7  -6  -4  0  1  2  3  
-0.265673  -0.178928  0.118743  0.544986  0.633249  0.742959  0.815697  
0.0889412  0.0708089  0.0305829  0.00681034  0.00731814  0.00636147  0.0108321  
-0.040389  -0.0648827  -0.131178  -0.125169  -0.120595  -0.122037  -0.116867  

710000
-10  -6  -1  0  1  2  3  6  10  
-0.328262  -0.179187  0.443183  0.544957  0.633171  0.74387  0.815817  1.07575  1.08426  
0.124003  0.0707357  0.0074093  0.00679959  0.00732625  0.00641516  0.0108163  0.0257192  0.076188  
-0.0281305  -0.0648165  -0.126895  -0.125153  -0.120568  -0.122227  -0.116891  -0.0982452  -0.0499626  

715000
-9  -7  -4  -1  0  1  2  3  10  
-0.313208  -0.264772  0.119132  0.443158  0.544928  0.633086  0.744262  0.815937  1.08436  
0.112677  0.0888253  0.0305023  0.00739408  0.00678931  0.00733782  0.00643337  0.0108007  0.0761545  
-0.0296379  -0.0405976  -0.13139  -0.126885  -0.125137  -0.120539  -0.122303  -0.116914  -0.0499431  

720000
-7  0  1  2  6  9  10  
-0.264331  0.544897  0.632969  0.744533  1.07592  1.15029  1.08447  
0.0887678  0.00677935  0.00734911  0.00644382  0.0256721  0.0639595  0.0761214  
-0.0407001  -0.125121  -0.120503  -0.122352  -0.0983172  -0.0617531  -0.0499239  

725000
-6  0  1  2  3  8  
-0.179752  0.544865  0.632803  0.744748  0.816174  1.16896  
0.0705256  0.00676972  0.00735694  0.00645108  0.01077  0.0521119  
-0.0647009  -0.125105  -0.120461  -0.122389  -0.11696  -0.0769418  

730000
0  1  2  3  8  10  
0.544832  0.63262  0.744911  0.816291  1.16904  1.08469  
0.00676039  0.00736579  0.00645493  0.0107548  0.0520717  0.0760566  
-0.125088  -0.120416  -0.122415  -0.116983  -0.0769258  -0.0498862  

735000
-8  0  2  3  6  9  
-0.307611  0.544797  0.745085  0.816407  1.07616  1.15059  
0.102501  0.00675142  0.00646135  0.0107398  0.0256102  0.063851  
-0.0289973  -0.125072  -0.122442  -0.117006  -0.0984311  -0.0616987  

740000
-5  -4  0  1  2  3  6  9  15  
-0.0407574  0.118344  0.544761  0.632284  0.745265  0.816523  1.07623  1.1507  0.971676  
0.0487771  0.0304117  0.0067428  0.0073821  0.00646986  0.010725  0.025592  0.0638167  0.196887  
-0.102339  -0.131541  -0.125055  -0.120332  -0.12247  -0.117028  -0.0984708  -0.0616832  -0.106797  

745000
-9  -1  0  1  2  11  
-0.313464  0.443018  0.544723  0.632333  0.745404  1.01567  
0.112618  0.00730816  0.00673446  0.00737919  0.00647592  0.0953207  
-0.029467  -0.126825  -0.125038  -0.120336  -0.122489  -0.0542699  

750000
-4  -2  -1  0  1  2  3  6  9  10  
0.118306  0.334814  0.442997  0.544683  0.632376  0.745485  0.816751  1.07637  1.15095  1.08516  
0.0303563  0.00862387  0.00729469  0.00672638  0.00737763  0.00647752  0.0106958  0.0255591  0.0637505  0.0759313  
-0.131628  -0.131548  -0.126816  -0.12502  -0.120339  -0.122496  -0.117072  -0.0985532  -0.0616559  -0.0498133  

755000
-4  -1  0  2  10  14  
0.118373  0.442976  0.544641  0.745546  1.08528  0.957711  
0.0303235  0.00728151  0.0067186  0.00647857  0.0759009  0.177394  
-0.131683  -0.126807  -0.125003  -0.122499  -0.0497956  -0.0978966  

760000
-6  -1  0  1  2  7  
-0.178826  0.442954  0.544597  0.632416  0.745644  1.14353  
0.070087  0.0072686  0.00671104  0.00737361  0.00648484  0.0408551  
-0.0650604  -0.126798  -0.124985  -0.120336  -0.122509  -0.0904895  

765000
-4  -2  -1  0  1  2  8  9  11  
0.118643  0.33476  0.442932  0.544551  0.632407  0.74574  1.16968  1.15138  1.01588  
0.0302492  0.00858402  0.00725592  0.00670366  0.00737041  0.00649247  0.0518066  0.0636568  0.0952416  
-0.13181  -0.131521  -0.126788  -0.124967  -0.12033  -0.122517  -0.0768302  -0.0616229  -0.0542395  

770000
-1  1  2  6  
0.44291  0.632387  0.745766  1.07662  
0.00724347  0.00736786  0.00649421  0.0255097  
-0.126779  -0.120322  -0.122513  -0.0987319  

775000
-1  1  2  11  
0.442888  0.632354  0.745777  1.016  
0.00723125  0.00736613  0.00649604  0.095202  
-0.12677  -0.120311  -0.122505  -0.0542227  

780000
-10  0  1  2  6  
-0.329101  0.544405  0.632305  0.745787  1.07673  
0.123894  0.00668239  0.0073656  0.00649941  0.0254941  
-0.0278717  -0.124913  -0.120297  -0.122496  -0.0988293  

785000
-7  -2  -1  1  2  3  6  7  10  
-0.25899  0.334815  0.442844  0.632239  0.745834  0.817539  1.07679  1.14346  1.08602  
0.0880766  0.00857882  0.00720667  0.00736649  0.00650894  0.0105967  0.0254889  0.0406401  0.0757256  
-0.0419715  -0.131498  -0.126749  -0.120279  -0.122493  -0.117224  -0.0988803  -0.0903665  -0.0496935  

790000
-9  -7  -1  0  1  2  3  6  7  9  10  
-0.313908  -0.258614  0.442822  0.544305  0.632156  0.745844  0.817648  1.07684  1.14346  1.15218  1.08614  
0.112544  0.0880262  0.00719443  0.00666868  0.0073689  0.00651625  0.0105832  0.0254855  0.0405988  0.0635135  0.0756976  
-0.0292358  -0.0420631  -0.126738  -0.124878  -0.120258  -0.122483  -0.117245  -0.098933  -0.0903442  -0.0615846  -0.0496772  

795000
-9  -7  -6  -1  1  2  6  7  
-0.31396  -0.258234  -0.176507  0.442799  0.632055  0.745811  1.0769  1.14346  
0.112536  0.0879771  0.069682  0.00718243  0.00737319  0.00652055  0.0254842  0.0405581  
-0.0292118  -0.0421559  -0.0658169  -0.126727  -0.120233  -0.122466  -0.0989875  -0.0903226  

800000
-7  -6  -1  0  1  2  3  9  
-0.257862  -0.176149  0.442776  0.544204  0.631934  0.745749  0.817865  1.15252  
0.0879279  0.0696259  0.00717066  0.00665446  0.00737971  0.00652333  0.0105564  0.06346  
-0.042247  -0.0659296  -0.126715  -0.124845  -0.120203  -0.122443  -0.117286  -0.0615738  

805000
-10  -1  0  1  2  3  7  9  
-0.329405  0.442752  0.544153  0.631787  0.745718  0.817972  1.14346  1.15269  
0.123862  0.00715912  0.00664638  0.00738796  0.0065316  0.0105432  0.0404782  0.063434  
-0.0277898  -0.126704  -0.124829  -0.120168  -0.122424  -0.117307  -0.0902813  -0.0615693  

810000
-1  0  1  2  8  10  
0.442727  0.544107  0.631611  0.745703  1.17059  1.08665  
0.0071478  0.0066385  0.00739746  0.00654366  0.0515017  0.075588  
-0.126692  -0.124814  -0.120127  -0.122408  -0.0767403  -0.0496134  

815000
-9  -7  -6  -4  -1  0  1  2  
-0.314175  -0.256756  -0.175057  0.121427  0.442701  0.544111  0.631399  0.745647  
0.112509  0.0877845  0.0694595  0.0297641  0.0071367  0.00662555  0.00740757  0.00655215  
-0.0291188  -0.0425198  -0.0662701  -0.132622  -0.12668  -0.12481  -0.12008  -0.122384  

820000
0  1  2  7  
0.544119  0.631174  0.745557  1.14349  
0.00661247  0.00741644  0.00655754  0.040362  
-0.124808  -0.120032  -0.122356  -0.0902239  

825000
0  1  2  11  
0.544126  0.630971  0.745469  1.01666  
0.00659966  0.00742386  0.00656317  0.0950052  
-0.124805  -0.119989  -0.122327  -0.0541244  

830000
0  1  2  3  8  9  
0.544133  0.630903  0.745421  0.818488  1.17101  1.15357  
0.00658711  0.00742343  0.00657313  0.0104803  0.0513773  0.0633101  
-0.124802  -0.119973  -0.122307  -0.117404  -0.07671  -0.0615526  

835000
-1  0  1  2  3  
0.442586  0.544139  0.630895  0.745423  0.818587  
0.00709452  0.00657483  0.00741953  0.00658356  0.0104683  
-0.126632  -0.124799  -0.11997  -0.122296  -0.117422  

840000
-4  -1  0  1  2  3  8  
0.123278  0.442555  0.544143  0.630877  0.745536  0.818685  1.17122  
0.0294582  0.00708458  0.00656282  0.00741636  0.00658171  0.0104565  0.0513174  
-0.133092  -0.126619  -0.124796  -0.119965  -0.12231  -0.117441  -0.0766966  

845000
0  1  2  3  6  7  10  12  
0.544147  0.630848  0.745618  0.818783  1.07723  1.14358  1.08757  0.961827  
0.00655101  0.00741398  0.00657725  0.0104447  0.0255602  0.0401782  0.0754067  0.123553  
-0.124793  -0.119957  -0.122319  -0.117459  -0.0995424  -0.0901394  -0.049508  -0.0721088  

850000
-1  0  1  3  8  
0.442487  0.544151  0.630807  0.81888  1.17144  
0.00706535  0.00653942  0.0074125  0.0104331  0.0512589  
-0.126593  -0.124789  -0.119947  -0.117477  -0.0766845  

855000
-1  0  1  2  6  
0.442451  0.544155  0.630749  0.745748  1.0773  
0.00705603  0.00652812  0.00741238  0.00656776  0.0256076  
-0.12658  -0.124786  -0.119934  -0.122331  -0.0996663  

860000
0  1  2  3  
0.544159  0.630674  0.745831  0.819072  
0.00651712  0.00741368  0.0065673  0.0104101  
-0.124782  -0.119917  -0.12234  -0.117513  

865000
-1  0  1  2  3  6  8  
0.442373  0.544162  0.630581  0.745923  0.819167  1.07745  1.17176  
0.00703799  0.00650632  0.00741669  0.00656946  0.0103988  0.0256748  0.0511738  
-0.126552  -0.124779  -0.119897  -0.122349  -0.11753  -0.099809  -0.0766684  

870000
-7  -1  0  1  2  3  6  
-0.252934  0.442331  0.544164  0.630466  0.745984  0.819261  1.07759  
0.0872837  0.00702928  0.00649572  0.00742171  0.00656884  0.0103876  0.0257187  
-0.0434822  -0.126538  -0.124775  -0.119872  -0.122352  -0.117547  -0.0998929  

875000
-4  -1  0  1  2  3  
0.126157  0.442287  0.544167  0.630324  0.746017  0.819355  
0.0289418  0.00702077  0.00648531  0.00742881  0.00656601  0.0103766  
-0.133801  -0.126524  -0.124771  -0.119841  -0.122352  -0.117565  

880000
-1  0  1  2  6  7  14  
0.442242  0.544169  0.630151  0.746044  1.07788  1.14378  0.958512  
0.00701246  0.00647509  0.00743821  0.00656367  0.0258146  0.0399388  0.177554  
-0.126509  -0.124768  -0.119805  -0.12235  -0.100048  -0.0900418  -0.0978484  

885000
-1  0  1  2  3  8  
0.442194  0.54417  0.629944  0.746063  0.819541  1.1722  
0.00700434  0.00646506  0.0074502  0.0065617  0.0103547  0.0510648  
-0.126494  -0.124764  -0.119761  -0.122346  -0.117599  -0.0766506  

890000
0  1  2  3  
0.544171  0.629703  0.746075  0.819635  
0.00645521  0.00746477  0.00656038  0.0103438  
-0.12476  -0.119711  -0.122341  -0.117616  

895000
-1  0  2  3  6  7  8  
0.442095  0.544171  0.746101  0.819728  1.07821  1.14389  1.17242  
0.00698862  0.00644554  0.00656233  0.010333  0.0259846  0.0398422  0.0510123  
-0.126463  -0.124756  -0.122338  -0.117633  -0.100219  -0.0900066  -0.0766429  

900000
0  2  6  
0.544171  0.74612  1.07835  
0.00643605  0.00656521  0.0260641  
-0.124751  -0.122332  -0.100278  

905000
-10  -6  -1  0  1  2  
-0.330603  -0.168461  0.44199  0.54417  0.629214  0.74612  
0.123756  0.0684756  0.00697358  0.00642672  0.00749097  0.00656716  
-0.0275021  -0.0683255  -0.126431  -0.124747  -0.119612  -0.122323  

910000
0  1  2  6  
0.544168  0.629169  0.746089  1.07871  
0.00641757  0.00748996  0.00656657  0.0262746  
-0.124743  -0.119602  -0.12231  -0.100401  

915000
-7  -1  0  1  2  9  
-0.250016  0.441884  0.544166  0.629108  0.746049  1.15658  
0.0869026  0.00695915  0.00640858  0.00748941  0.00656664  0.0629501  
-0.0442371  -0.1264  -0.124738  -0.11959  -0.122294  -0.0615489  

920000
-1  0  1  2  3  
0.441832  0.544163  0.62903  0.746001  0.82018  
0.00695214  0.00639973  0.00749025  0.00656764  0.0102809  
-0.126385  -0.124733  -0.119575  -0.122276  -0.117714  

925000
-9  -1  0  1  2  3  6  
-0.315442  0.441781  0.544159  0.628932  0.745945  0.785049  1.07955  
0.112388  0.00694525  0.00639104  0.0074926  0.00656978  0.0102358  0.0268332  
-0.0286756  -0.12637  -0.124729  -0.119556  -0.122257  -0.109705  -0.100582  

930000
-1  0  1  2  8  
0.441733  0.544154  0.628811  0.745882  1.17319  
0.00693847  0.0063825  0.00749665  0.00657311  0.0508373  
-0.126356  -0.124724  -0.119532  -0.122235  -0.0766231  

935000
0  1  2  
0.544149  0.628663  0.745822  
0.00637413  0.00750276  0.00657919  
-0.124719  -0.119503  -0.122214  

940000
-1  0  1  2  3  
0.441659  0.544143  0.628482  0.745749  0.788807  
0.0069239  0.0063659  0.00751136  0.00658587  0.0104533  
-0.126333  -0.124713  -0.119468  -0.122189  -0.110482  

945000
-1  0  1  2  12  
0.441664  0.544136  0.628264  0.745657  0.962766  
0.006913  0.00635783  0.00752276  0.00659217  0.123604  
-0.126331  -0.124708  -0.119426  -0.122161  -0.0721988  

950000
0  1  2  3  
0.544129  0.628001  0.745531  0.790457  
0.00634991  0.00753779  0.00659627  0.0105498  
-0.124702  -0.119375  -0.122128  -0.110803  

955000
-1  0  1  2  3  
0.441671  0.54412  0.627712  0.745397  0.791044  
0.00689181  0.00634215  0.00755503  0.00660107  0.0105843  
-0.126327  -0.124696  -0.11932  -0.122093  -0.110912  

960000
-10  -1  0  1  2  3  
-0.331237  0.441673  0.544111  0.627457  0.745258  0.791501  
0.123711  0.00688145  0.00633459  0.00757027  0.0066066  0.0106096  
-0.0273639  -0.126324  -0.124691  -0.119271  -0.122057  -0.110995  

965000
-1  0  1  2  3  
0.441674  0.544102  0.627329  0.745115  0.7919  
0.00687125  0.00632717  0.00757619  0.00661238  0.0106316  
-0.126322  -0.124685  -0.119247  -0.12202  -0.111065  

970000
-1  0  1  2  3  7  
0.441676  0.544091  0.627258  0.744976  0.792269  1.14461  
0.00686118  0.0063199  0.00757802  0.00661841  0.0106522  0.0394059  
-0.126319  -0.124678  -0.119234  -0.121984  -0.111128  -0.089879  

975000
-1  0  1  2  7  9  
0.441677  0.544079  0.627174  0.744866  1.14467  1.15862  
0.00685127  0.00631277  0.007581  0.0066269  0.0393792  0.0627378  
-0.126316  -0.124672  -0.119218  -0.121954  -0.089873  -0.0615766  

980000
-1  0  1  9  
0.441677  0.544067  0.627071  1.15879  
0.00684149  0.00630582  0.00758565  0.0627214  
-0.126314  -0.124665  -0.119198  -0.0615795  

985000
-1  0  1  2  3  
0.441677  0.544053  0.626947  0.74483  0.793101  
0.00683186  0.00629903  0.00759205  0.00663712  0.0106932  
-0.126311  -0.124659  -0.119175  -0.121931  -0.111263  

990000
0  1  2  3  10  
0.544039  0.626798  0.744888  0.793287  1.09144  
0.00629238  0.00760063  0.0066328  0.0106983  0.0747691  
-0.124652  -0.119147  -0.121939  -0.111291  -0.0491396  

995000
-7  -1  0  1  2  3  8  
-0.245235  0.441676  0.544023  0.626616  0.744939  0.793456  1.17462  
0.0862754  0.00681299  0.00628587  0.00761187  0.00662876  0.0107018  0.0505447  
-0.0455064  -0.126305  -0.124645  -0.119113  -0.121946  -0.111316  -0.0766089  

1000000
-9  -1  0  1  2  3  8  9  
-0.316328  0.441674  0.544007  0.626399  0.744985  0.793615  1.17473  1.15945  
0.112328  0.00680376  0.00627949  0.00762614  0.00662536  0.0107044  0.0505238  0.0626573  
-0.0284235  -0.126302  -0.124637  -0.119072  -0.121951  -0.111339  -0.0766088  -0.0615928  

1005000
-7  -1  0  1  2  3  8  9  
-0.244667  0.441672  0.543989  0.626139  0.745015  0.793746  1.17484  1.15961  
0.0862019  0.00679464  0.00627325  0.00764403  0.00662076  0.010704  0.050503  0.0626417  
-0.0456601  -0.126299  -0.12463  -0.119023  -0.121954  -0.111357  -0.0766089  -0.0615964  

1010000
-1  0  1  2  3  7  9  
0.441669  0.54397  0.625849  0.745057  0.793907  1.14508  1.15977  
0.00678574  0.00626714  0.0076647  0.00661922  0.0107073  0.0392006  0.0626263  
-0.126295  -0.124622  -0.118969  -0.121957  -0.11138  -0.0898383  -0.0616  

1015000
-8  -1  0  1  2  6  9  
-0.310639  0.441666  0.54395  0.625593  0.745108  1.08201  1.15993  
0.102182  0.00677699  0.00626116  0.00768326  0.00662015  0.0291323  0.062611  
-0.0274335  -0.126292  -0.124614  -0.118922  -0.121962  -0.100283  -0.0616037  

1020000
0  1  2  3  7  10  
0.543929  0.625452  0.745158  0.79422  1.14521  1.09223  
0.00625531  0.00769281  0.00662221  0.010714  0.0391518  0.0746551  
-0.124606  -0.118896  -0.121966  -0.111425  -0.0898306  -0.0490747  

1025000
-1  0  1  2  3  
0.441658  0.543907  0.625373  0.745206  0.794389  
0.00675986  0.00624958  0.00769723  0.00662536  0.0107195  
-0.126285  -0.124597  -0.118881  -0.121969  -0.111448  

1030000
0  1  2  3  7  
0.543883  0.625282  0.745222  0.794504  1.14534  
0.00624398  0.00770258  0.00662505  0.0107188  0.0391041  
-0.124589  -0.118865  -0.121967  -0.111463  -0.0898238  

1035000
-1  0  1  2  3  
0.441648  0.543858  0.625174  0.745226  0.794599  
0.00674321  0.0062385  0.00770949  0.00662446  0.0107156  
-0.126277  -0.12458  -0.118845  -0.121964  -0.111475  

1040000
-1  0  1  3  
0.441641  0.543832  0.625045  0.79473  
0.00673506  0.00623315  0.00771799  0.0107172  
-0.126273  -0.124571  -0.118821  -0.111493  

1045000
-1  0  1  2  3  
0.441634  0.543804  0.624891  0.745199  0.794865  
0.00672702  0.00622791  0.00772849  0.006622  0.0107195  
-0.126269  -0.124561  -0.118793  -0.12195  -0.111511  

1050000
-1  0  2  3  7  9  
0.441626  0.543773  0.745199  0.795002  1.1456  1.16105  
0.0067191  0.00622285  0.00662487  0.0107226  0.0390113  0.0625081  
-0.126264  -0.124551  -0.121944  -0.111529  -0.0898126  -0.0616318  

1055000
-1  0  1  2  3  
0.441617  0.543738  0.62455  0.745194  0.795147  
0.00671128  0.00621799  0.00775205  0.00662892  0.010727  
-0.12626  -0.12454  -0.118731  -0.121937  -0.111548  

1060000
0  1  2  3  6  
0.543699  0.624265  0.745187  0.795258  1.08234  
0.00621333  0.0077731  0.00663423  0.0107274  0.0289251  
-0.124528  -0.118679  -0.121929  -0.111562  -0.100242  

1065000
-6  0  1  2  3  
-0.153729  0.543655  0.623963  0.745172  0.795338  
0.0661275  0.00620887  0.00779559  0.0066402  0.0107242  
-0.0736972  -0.124515  -0.118625  -0.121919  -0.111571  

1070000
0  2  3  9  
0.543607  0.745128  0.795448  1.16167  
0.0062046  0.00664387  0.0107257  0.0624523  
-0.124501  -0.121905  -0.111585  -0.0616493  

1075000
0  2  3  7  
0.543554  0.745063  0.795565  1.14593  
0.00620053  0.00664623  0.0107284  0.0389002  
-0.124486  -0.121887  -0.111599  -0.089803  

1080000
-7  -1  0  2  3  
-0.240623  0.44156  0.543497  0.744981  0.79568  
0.0856724  0.00667388  0.00619666  0.00664812  0.0107312  
-0.0467717  -0.126234  -0.12447  -0.121867  -0.111614  

1085000
0  1  2  
0.543436  0.623435  0.7449  
0.00619298  0.00782787  0.00665193  
-0.124453  -0.118532  -0.121846  

1090000
-1  0  1  2  3  
0.44153  0.543371  0.62333  0.744822  0.795885  
0.00665967  0.00618949  0.00783282  0.00665808  0.0107345  
-0.126223  -0.124436  -0.118514  -0.121824  -0.111638  

1095000
-5  0  1  2  3  8  
-0.000425376  0.543302  0.623208  0.744739  0.79598  1.17678  
0.0471352  0.00618624  0.00783921  0.00666495  0.0107356  0.0501601  
-0.11038  -0.124418  -0.118493  -0.121802  -0.111648  -0.0766283  

1100000
-2  0  1  2  
0.33699  0.543231  0.623075  0.744652  
0.00824302  0.00618326  0.00784661  0.00667271  
-0.130123  -0.124399  -0.11847  -0.121778  

1105000
-1  0  1  2  3  
0.44148  0.543157  0.622974  0.744563  0.79617  
0.00663932  0.00618044  0.0078515  0.00668103  0.0107386  
-0.126205  -0.12438  -0.118452  -0.121754  -0.11167  

1110000
-1  0  1  2  3  7  9  
0.441461  0.543082  0.622781  0.744473  0.796269  1.14642  1.16289  
0.00663275  0.00617777  0.0078641  0.00668952  0.0107409  0.0387533  0.0623467  
-0.126198  -0.12436  -0.118418  -0.12173  -0.111681  -0.0897967  -0.0616868  

1115000
-1  0  1  2  3  
0.441441  0.543007  0.622556  0.744365  0.796366  
0.00662629  0.00617522  0.00787963  0.00669495  0.0107436  
-0.126191  -0.124341  -0.118378  -0.121704  -0.111691  

1120000
-1  0  1  2  
0.44142  0.542932  0.622301  0.744256  
0.00661994  0.00617278  0.00789799  0.00669896  
-0.126184  -0.124322  -0.118333  -0.121679  

1125000
-4  -1  1  2  3  6  7  8  
0.144924  0.441397  0.622021  0.744158  0.796556  1.08294  1.14664  1.17741  
0.0287932  0.0066137  0.00791882  0.00670236  0.0107479  0.0286558  0.0386931  0.0500572  
-0.135496  -0.126177  -0.118284  -0.121656  -0.111712  -0.100216  -0.0897963  -0.0766412  

1130000
0  1  2  6  
0.542791  0.621844  0.744076  1.08299  
0.00616813  0.00793126  0.00670535  0.0286363  
-0.124285  -0.118253  -0.121636  -0.100216  

1135000
-2  0  1  2  3  
0.337442  0.542744  0.621751  0.744041  0.796701  
0.00822371  0.00616477  0.0079364  0.00670578  0.0107469  
-0.130044  -0.124273  -0.118237  -0.121627  -0.111726  

1140000
1  2  3  
0.621685  0.744082  0.796783  
0.00793896  0.00670155  0.0107481  
-0.118226  -0.121634  -0.111734  

1145000
-4  -1  1  2  3  7  
0.14493  0.441297  0.621614  0.744124  0.796865  1.14693  
0.0287221  0.00658981  0.00794202  0.00669799  0.0107497  0.0386152  
-0.135491  -0.126146  -0.118215  -0.121641  -0.111742  -0.0897977  

1150000
0  1  2  3  
0.542785  0.621533  0.744168  0.796945  
0.00614346  0.007946  0.00669541  0.0107513  
-0.124274  -0.118201  -0.121648  -0.11175  

1155000
-1  1  2  8  
0.441238  0.621434  0.744212  1.17804  
0.00657847  0.00795147  0.0066935  0.0499593  
-0.126129  -0.118184  -0.121654  -0.0766564  

1160000
-1  1  2  3  
0.441208  0.621339  0.744255  0.797102  
0.00657296  0.00795669  0.00669227  0.0107572  
-0.12612  -0.118168  -0.12166  -0.111764  

1165000
-1  1  2  3  7  9  
0.441175  0.621269  0.744302  0.797181  1.14722  1.16448  
0.00656758  0.00795987  0.00669214  0.0107612  0.0385402  0.0622107  
-0.12611  -0.118156  -0.121667  -0.111771  -0.089801  -0.0617372  

1170000
-5  -1  0  1  2  3  6  8  9  
0.00640718  0.441142  0.54281  0.621102  0.744339  0.79725  1.08341  1.17835  1.16461  
0.0464875  0.00656231  0.00611729  0.00797143  0.00669092  0.0107638  0.0284873  0.0499121  0.0621982  
-0.112311  -0.126101  -0.12427  -0.118127  -0.121672  -0.111776  -0.100217  -0.0766646  -0.0617403  

1175000
1  2  3  6  7  
0.620911  0.744368  0.797321  1.08346  1.14737  
0.00798504  0.00668921  0.0107608  0.0284694  0.0385036  
-0.118094  -0.121676  -0.111787  -0.100218  -0.0898034  

1180000
-7  -1  0  1  6  
-0.235692  0.441071  0.542808  0.620709  1.08352  
0.0850265  0.00655207  0.00610522  0.00799988  0.0284516  
-0.0481636  -0.126081  -0.124265  -0.118059  -0.100219  

1185000
-7  -1  1  2  
-0.23546  0.441033  0.62049  0.744401  
0.0849956  0.00654711  0.00801632  0.00668347  
-0.0482302  -0.126071  -0.11802  -0.12168  

1190000
-2  -1  0  1  2  
0.33869  0.440995  0.542792  0.620249  0.74441  
0.0084225  0.00654224  0.00609318  0.00803492  0.00668012  
-0.130081  -0.126061  -0.124257  -0.117978  -0.121681  

1195000
-2  0  1  2  
0.338579  0.542776  0.620105  0.744417  
0.00837723  0.0060868  0.00804531  0.0066769  
-0.130055  -0.124252  -0.117953  -0.121681  

1200000
-2  -1  0  1  2  3  
0.338498  0.440913  0.542758  0.620027  0.744421  0.797878  
0.00834189  0.00653278  0.00608062  0.00804985  0.00667389  0.0107383  
-0.130033  -0.126039  -0.124245  -0.11794  -0.121681  -0.111892  

1205000
-2  -1  0  1  2  3  7  8  17  
0.338436  0.44087  0.542736  0.619976  0.744425  0.797998  1.14781  1.17906  1.01008  
0.00831273  0.00652819  0.00607466  0.00805197  0.0066712  0.0107369  0.0383972  0.049806  0.234436  
-0.130015  -0.126027  -0.124238  -0.117932  -0.121681  -0.111913  -0.089813  -0.0766863  -0.122719  

1210000
-2  -1  0  1  2  6  7  
0.338387  0.440825  0.542711  0.619919  0.744426  1.08386  1.14788  
0.00828784  0.00652368  0.00606892  0.00805456  0.00666872  0.0283482  0.03838  
-0.129998  -0.126016  -0.124231  -0.117923  -0.12168  -0.100228  -0.089815  

1215000
-2  -1  0  1  2  3  12  
0.338348  0.44078  0.542684  0.619855  0.744425  0.798208  0.965647  
0.00826614  0.00651926  0.00606341  0.00805782  0.00666644  0.0107308  0.123292  
-0.129982  -0.126004  -0.124222  -0.117912  -0.121679  -0.11195  -0.0719125  

1220000
-4  -2  -1  0  1  2  16  
0.144987  0.338317  0.440733  0.542652  0.619777  0.744424  0.990775  
0.0284617  0.00824693  0.00651491  0.00605813  0.00806234  0.00666438  0.215572  
-0.135494  -0.129967  -0.125992  -0.124213  -0.117899  -0.121677  -0.114773  

1225000
-7  -2  -1  0  2  17  
-0.23362  0.338292  0.440685  0.542617  0.744421  1.01011  
0.0847564  0.00822972  0.00651064  0.0060531  0.00666253  0.234416  
-0.0487616  -0.129952  -0.12598  -0.124203  -0.121676  -0.122699  

1230000
-8  -2  -1  0  1  2  3  
-0.299406  0.338273  0.440636  0.542579  0.61967  0.744417  0.798454  
0.100633  0.00821418  0.00650643  0.00604836  0.00806737  0.0066609  0.0107131  
-0.0307434  -0.129938  -0.125967  -0.124193  -0.117882  -0.121674  -0.111997  

1235000
-2  -1  0  1  2  3  10  
0.338258  0.440587  0.542536  0.619511  0.744412  0.798548  1.0977  
0.00820007  0.00650229  0.00604387  0.00807911  0.00665948  0.0107095  0.0739689  
-0.129925  -0.125955  -0.124181  -0.117854  -0.121672  -0.112013  -0.0486725  

1240000
-2  0  1  2  3  7  
0.338248  0.542489  0.619337  0.744406  0.798644  1.14833  
0.00818724  0.00603963  0.00809218  0.00665836  0.0107066  0.0382796  
-0.129912  -0.124168  -0.117824  -0.121669  -0.11203  -0.0898286  

1245000
-2  -1  0  1  2  17  
0.33824  0.440486  0.542438  0.619151  0.744397  1.01013  
0.00817554  0.00649416  0.00603567  0.00810647  0.00665759  0.234396  
-0.129898  -0.12593  -0.124155  -0.117792  -0.121666  -0.122679  

1250000
-4  -2  0  1  2  3  7  
0.144984  0.338237  0.542382  0.618955  0.744387  0.798844  1.14848  
0.0283607  0.00816487  0.00603199  0.0081218  0.00665724  0.0107023  0.0382471  
-0.135495  -0.129885  -0.12414  -0.117758  -0.121662  -0.112064  -0.0898338  

1255000
-1  0  1  2  16  17  
0.440386  0.542322  0.618755  0.744373  0.990829  1.01015  
0.00648622  0.00602859  0.00813758  0.00665725  0.215553  0.234387  
-0.125905  -0.124125  -0.117723  -0.121658  -0.114741  -0.12267  

1260000
0  1  2  8  9  16  
0.542257  0.618551  0.744356  1.18015  1.16686  0.990836  
0.00602548  0.00815391  0.00665758  0.0496501  0.0619823  0.21555  
-0.124108  -0.117687  -0.121653  -0.0767246  -0.0617854  -0.114737  

1265000
-1  0  1  7  16  
0.440288  0.542187  0.618439  1.14871  0.990843  
0.0064784  0.00602267  0.0081623  0.0381994  0.215547  
-0.12588  -0.124091  -0.117668  -0.0898423  -0.114732  

1270000
-6  -2  0  1  3  6  8  12  
-0.141763  0.338252  0.542112  0.618382  0.799199  1.08457  1.18035  0.966197  
0.0669051  0.00813173  0.00602015  0.00816563  0.0106894  0.0281562  0.049623  0.12322  
-0.0744314  -0.129833  -0.124072  -0.117658  -0.112125  -0.100258  -0.076732  -0.071838  

1275000
-1  0  1  2  
0.440196  0.542031  0.618332  0.744282  
0.00647065  0.00601795  0.00816838  0.00665976  
-0.125858  -0.124052  -0.11765  -0.121634  

1280000
0  1  2  16  
0.541945  0.618276  0.744247  0.990865  
0.00601605  0.00817167  0.00666064  0.215537  
-0.124031  -0.117641  -0.121626  -0.114718  

1285000
0  1  2  3  7  16  
0.541853  0.618211  0.744206  0.799416  1.14902  0.990872  
0.00601446  0.00817575  0.00666144  0.0106735  0.0381376  0.215534  
-0.124009  -0.11763  -0.121616  -0.112164  -0.0898555  -0.114713  

1290000
0  1  3  6  16  
0.541756  0.618204  0.799504  1.08482  0.990879  
0.00601317  0.00817469  0.010671  0.0280963  0.215531  
-0.123985  -0.11763  -0.112179  -0.100272  -0.114708  

1295000
-6  0  1  3  18  
-0.141435  0.541653  0.618158  0.799593  1.0304  
0.066852  0.00601216  0.00817709  0.0106688  0.253507  
-0.0744815  -0.123961  -0.117622  -0.112193  -0.130174  

1300000
0  1  2  3  15  
0.541545  0.617994  0.74405  0.799683  0.973191  
0.00601142  0.00818977  0.00666303  0.010667  0.197083  
-0.123935  -0.117594  -0.121583  -0.112208  -0.106358  

1305000
-2  -1  0  1  2  3  15  
0.338381  0.440081  0.541431  0.617823  0.74399  0.799777  0.9732  
0.00810916  0.00644199  0.00601092  0.00820313  0.00666347  0.0106661  0.197082  
-0.129748  -0.125825  -0.123908  -0.117564  -0.12157  -0.112223  -0.106353  

1310000
-7  -2  0  1  2  3  
-0.229929  0.338404  0.541313  0.617643  0.743929  0.799871  
0.0842755  0.00810887  0.00601063  0.00821736  0.00666405  0.0106653  
-0.0498416  -0.129737  -0.12388  -0.117533  -0.121557  -0.112238  

1315000
-1  0  1  2  
0.440109  0.541192  0.617456  0.743869  
0.00642936  0.0060105  0.00823221  0.0066648  
-0.125829  -0.123852  -0.117501  -0.121545  

1320000
-1  0  1  2  15  
0.440122  0.541068  0.617265  0.743809  0.973227  
0.00642314  0.00601048  0.00824744  0.00666556  0.197081  
-0.125831  -0.123823  -0.117468  -0.121532  -0.10634  

1325000
0  1  2  8  16  
0.540944  0.617083  0.743751  1.18141  0.990929  
0.00601053  0.00826197  0.00666625  0.0494809  0.215507  
-0.123794  -0.117436  -0.12152  -0.0767759  -0.114675  

1330000
-2  -1  0  1  2  
0.33857  0.440147  0.540821  0.616928  0.743697  
0.00813098  0.00641091  0.00601059  0.00827411  0.00666678  
-0.129704  -0.125834  -0.123766  -0.117409  -0.121509  

1335000
-2  -1  0  1  2  15  
0.338637  0.440159  0.540703  0.616826  0.743648  0.973253  
0.00814475  0.0064049  0.0060106  0.00828151  0.00666709  0.197079  
-0.1297  -0.125835  -0.123738  -0.117392  -0.121498  -0.106327  

1340000
-10  -2  0  1  2  3  
-0.334947  0.338719  0.540591  0.616768  0.743604  0.800296  
0.123539  0.00816349  0.00601051  0.00828483  0.0066671  0.0106405  
-0.0266144  -0.1297  -0.123713  -0.117382  -0.121489  -0.112311  

1345000
-4  -2  -1  0  1  2  17  
0.144685  0.33882  0.440182  0.540487  0.616728  0.743567  1.01025  
0.028051  0.00818858  0.00639306  0.00601026  0.00828657  0.0066668  0.234296  
-0.135458  -0.129703  -0.125838  -0.123689  -0.117376  -0.121482  -0.122578  

1350000
-2  -1  0  2  12  15  
0.338944  0.440192  0.540458  0.743537  0.966918  0.973279  
0.00822192  0.00638724  0.00600648  0.00666615  0.123164  0.197077  
-0.129711  -0.125839  -0.123681  -0.121475  -0.07177  -0.106313  

1355000
-6  -4  -2  0  1  2  3  15  
-0.14041  0.144615  0.339099  0.540467  0.61672  0.743525  0.800543  0.973288  
0.066707  0.0280186  0.00826606  0.0060009  0.00828338  0.00666445  0.0106361  0.197077  
-0.0746895  -0.135449  -0.129725  -0.123682  -0.117376  -0.121473  -0.11235  -0.106309  

1360000
-9  -2  0  1  2  15  
-0.320265  0.33929  0.540472  0.616593  0.743554  0.973297  
0.11218  0.00832434  0.00599555  0.00829278  0.00666042  0.197076  
-0.0275057  -0.129747  -0.123681  -0.117354  -0.121479  -0.106304  

1365000
-7  -6  -2  -1  0  1  2  
-0.227691  -0.140209  0.339527  0.44022  0.540474  0.616455  0.743582  
0.0839862  0.0666804  0.00840121  0.00637015  0.00599043  0.00830311  0.00665653  
-0.0505004  -0.0747356  -0.129778  -0.125841  -0.12368  -0.117331  -0.121485  

1370000
-2  0  1  2  3  7  
0.339821  0.540472  0.616299  0.743609  0.800767  1.1504  
0.0085032  0.00598556  0.00831495  0.00665279  0.0106291  0.0378957  
-0.129822  -0.123678  -0.117304  -0.12149  -0.112386  -0.0899321  

1375000
-4  -1  0  1  2  3  7  
0.144453  0.440237  0.540467  0.616107  0.743635  0.800821  1.15048  
0.0279527  0.00635905  0.00598092  0.00832995  0.00664919  0.0106234  0.0378824  
-0.135428  -0.125843  -0.123676  -0.117271  -0.121495  -0.112396  -0.0899374  

1380000
-1  0  1  2  3  6  7  14  
0.440244  0.540458  0.615829  0.74366  0.800876  1.08604  1.15056  0.960646  
0.00635359  0.00597651  0.00835265  0.00664574  0.010618  0.0278503  0.0378692  0.177557  
-0.125843  -0.123672  -0.117222  -0.1215  -0.112406  -0.100362  -0.0899427  -0.0974041  

1385000
-6  0  1  2  6  
-0.139776  0.540445  0.61532  0.743684  1.08611  
0.0666248  0.00597234  0.00839626  0.00664246  0.0278376  
-0.0748383  -0.123668  -0.117133  -0.121505  -0.100368  

1390000
-4  -1  0  1  2  15  
0.144322  0.440258  0.540428  0.614504  0.743706  0.973347  
0.0279011  0.00634285  0.0059684  0.00846776  0.00663933  0.19707  
-0.135413  -0.125844  -0.123663  -0.116989  -0.121509  -0.106277  

1395000
-1  0  1  2  3  6  14  
0.440264  0.540408  0.613587  0.743728  0.801083  1.08625  0.960694  
0.00633756  0.00596469  0.00854856  0.00663642  0.0106096  0.0278124  0.177554  
-0.125844  -0.123657  -0.116828  -0.121513  -0.112439  -0.10038  -0.097392  

1400000
0  2  15  
0.540384  0.743749  0.973365  
0.00596124  0.00663366  0.197069  
-0.12365  -0.121517  -0.106268  

1405000
-1  0  1  2  
0.440274  0.540355  0.612119  0.743768  
0.00632715  0.00595809  0.00867819  0.00663107  
-0.125844  -0.123643  -0.116569  -0.121521  

1410000
-6  -4  -1  0  1  2  6  
-0.139188  0.144219  0.440278  0.540321  0.611496  0.743785  1.08647  
0.0665515  0.0278171  0.00632203  0.0059552  0.008733  0.00662866  0.0277755  
-0.0749835  -0.135419  -0.125844  -0.123634  -0.116459  -0.121524  -0.100398  

1415000
-5  0  1  2  
0.0280432  0.540284  0.610945  0.743801  
0.0448717  0.00595258  0.00878166  0.00662642  
-0.118199  -0.123624  -0.116362  -0.121527  

1420000
-1  0  1  2  8  
0.440286  0.540241  0.610431  0.743814  1.18323  
0.00631195  0.00595024  0.00882687  0.00662434  0.0492555  
-0.125844  -0.123614  -0.116271  -0.12153  -0.0768581  

1425000
-8  -2  -1  0  1  2  
-0.291396  0.338912  0.440289  0.540194  0.609956  0.743826  
0.0995216  0.00829496  0.00630699  0.00594818  0.00886872  0.00662242  
-0.0332291  -0.129648  -0.125844  -0.123602  -0.116187  -0.121532  

1430000
-4  -1  0  1  2  3  14  
0.144096  0.440292  0.540142  0.609525  0.743836  0.801612  0.960802  
0.0277283  0.0063021  0.00594641  0.00890668  0.00662064  0.0105991  0.177544  
-0.135425  -0.125843  -0.123589  -0.11611  -0.121533  -0.112522  -0.097362  

1435000
-1  0  1  2  
0.440293  0.540086  0.609121  0.743844  
0.00629726  0.00594493  0.00894229  0.00661899  
-0.125842  -0.123576  -0.116039  -0.121535  

1440000
-1  0  1  2  3  6  
0.440294  0.540024  0.608739  0.743849  0.801755  1.08689  
0.00629244  0.00594375  0.00897592  0.00661745  0.0105953  0.0277037  
-0.125842  -0.123561  -0.115971  -0.121536  -0.112545  -0.100436  

1445000
-9  -1  0  1  2  3  14  16  
-0.321089  0.440295  0.539956  0.608383  0.743852  0.801826  0.960849  0.991087  
0.112166  0.00628767  0.00594289  0.00900732  0.00661601  0.0105935  0.17754  0.215422  
-0.0273283  -0.125841  -0.123545  -0.115907  -0.121536  -0.112556  -0.0973492  -0.11456  

1450000
-1  0  1  2  3  
0.440295  0.539884  0.608055  0.743851  0.801896  
0.00628295  0.00594235  0.00903623  0.00661466  0.0105915  
-0.12584  -0.123528  -0.115848  -0.121536  -0.112567  

1455000
-2  -1  0  1  2  3  14  15  
0.338329  0.440295  0.539805  0.607742  0.743848  0.801964  0.960879  0.973457  
0.008157  0.0062783  0.00594213  0.00906378  0.00661337  0.0105893  0.177537  0.197057  
-0.129517  -0.125839  -0.12351  -0.115792  -0.121535  -0.112577  -0.0973407  -0.106217  

1460000
-1  0  1  2  6  
0.440294  0.539721  0.607443  0.743841  1.08717  
0.00627369  0.00594224  0.00909005  0.00661215  0.0276574  
-0.125838  -0.12349  -0.115739  -0.121533  -0.100461  

1465000
-2  -1  0  1  2  3  14  15  
0.338187  0.440292  0.539631  0.607161  0.74383  0.802096  0.960908  0.973473  
0.00812617  0.00626913  0.00594268  0.00911488  0.00661099  0.0105844  0.177533  0.197054  
-0.129483  -0.125837  -0.123469  -0.115688  -0.121531  -0.112599  -0.0973319  -0.106208  

1470000
-6  -1  0  1  2  3  14  15  
-0.13759  0.44029  0.539536  0.606898  0.743816  0.802162  0.960923  0.973481  
0.0663612  0.00626463  0.00594344  0.00913796  0.0066099  0.0105822  0.177531  0.197053  
-0.0753995  -0.125835  -0.123447  -0.11564  -0.121528  -0.112609  -0.0973276  -0.106203  

1475000
-1  0  1  2  8  
0.440287  0.539435  0.606648  0.743797  1.18428  
0.00626018  0.0059445  0.0091598  0.0066089  0.0491347  
-0.125834  -0.123424  -0.115595  -0.121525  -0.0769073  

1480000
-4  0  1  2  3  14  
0.143651  0.539329  0.606408  0.743776  0.802279  0.960953  
0.0274704  0.00594583  0.00918084  0.0066081  0.0105757  0.177528  
-0.135454  -0.1234  -0.115552  -0.121521  -0.112628  -0.0973189  

1485000
-7  -1  0  1  
-0.223196  0.440281  0.539218  0.606178  
0.0834213  0.00625142  0.0059474  0.00920096  
-0.0517505  -0.125831  -0.123375  -0.11551  

1490000
0  1  2  3  14  
0.539104  0.605959  0.74372  0.802385  0.960983  
0.00594915  0.00922008  0.00660685  0.0105676  0.177524  
-0.123349  -0.11547  -0.12151  -0.112646  -0.0973102  

1495000
-8  -2  -1  0  1  2  6  14  
-0.288828  0.337904  0.440272  0.538987  0.605754  0.743686  1.08766  0.960998  
0.0991664  0.00805071  0.0062429  0.00595102  0.0092379  0.00660648  0.0275792  0.177522  
-0.0340429  -0.129408  -0.125827  -0.123323  -0.115433  -0.121503  -0.100507  -0.0973059  

1500000
-8  -6  -2  -1  0  1  2  
-0.288649  -0.136674  0.337901  0.440267  0.53887  0.605559  0.743648  
0.0991418  0.066257  0.00803834  0.00623871  0.00595292  0.0092548  0.00660638  
-0.0340999  -0.0756488  -0.129404  -0.125825  -0.123297  -0.115397  -0.121496  

